5 51 18233 2119 18271 8983 1737 9774 2876 860 10551 18222 10049 2836 5099 13320 2602 8587 4866 5413 744 12730 1081 17827 2297 3013 17703 17676 4636 6699 3280 17590 9009 14447 1460 8278 11666 3649 7818 17466 10414 17404 4584 2718 11498 12163 11746 17295 3690 2222 8075 17164 8800 
4 21 12406 3381 19344 5579 11497 19444 2050 10102 19603 2043 19693 8643 19777 2409 21891 21881 21888 9143 19903 4048 9143 
3 4 8643 545 19710 10994 
3 16 10994 9309 1910 19636 19637 2576 7540 3157 6973 12851 5884 19591 437 11768 3189 4758 
1 9 3512 8742 19587 3994 19651 2537 13547 13571 19693 
1 10 17163 231 13225 1660 2585 16984 5589 9559 7493 16844 
1 2 17163 8800 
1 21 7198 9291 18049 3568 17991 17987 5035 9191 6078 1733 17824 11556 11554 13013 3641 497 17681 3742 4111 9097 17577 
1 2 9097 17577 
4 22 17577 6313 7864 11278 9 4904 8314 12762 4626 10782 17400 7752 14598 14186 14669 10178 17299 13295 14356 10274 11968 7942 
1 14 10043 174 6913 18060 14197 11260 13762 17833 647 17727 9818 14313 5797 6313 
4 11 7942 12801 10070 10472 6522 10555 6220 2323 14508 17163 8800 
1 7 12406 1797 19165 3492 4005 14052 19053 
3 14 19165 10858 13536 12740 13577 2505 6730 10020 19012 11293 1026 18927 9282 11305 
3 14 11305 4218 83 18807 18819 6873 18781 13994 4895 10107 6749 18638 5229 18628 
3 3 18628 718 6609 
4 9 6796 2460 9991 4057 8781 4786 14384 1622 11947 
1 6 21922 21931 21932 363 18918 21926 
1 23 12984 6948 4007 7512 36 7459 5193 2923 13047 18446 18431 18403 8117 18369 1722 14827 8081 14875 18398 14844 14822 2279 12843 
4 5 17660 17610 7788 12123 10782 
1 8 17660 7308 17742 3522 17839 14522 17961 17998 
1 10 17998 13066 9566 7999 18127 174 1248 9760 7735 18246 
4 11 6313 4252 7918 5016 9771 17432 8320 12739 5195 12141 6922 
1 7 614 11356 7094 8159 4812 7086 6922 
4 34 4786 8438 11040 14486 8982 5124 18513 1859 5198 5516 1672 7656 11959 10707 7290 9040 18079 5305 3747 17920 17888 12263 2338 8018 6561 17652 11743 2055 8551 1889 12247 5489 7128 13295 
5 13 2297 14269 5770 1170 9304 6933 6268 4469 10013 13782 3279 17405 7828 
3 15 11305 590 9384 4453 9261 898 12843 295 14815 7488 14794 18377 8790 18329 18296 
1 8 13320 18215 12102 10470 18344 6083 6865 7488 
1 3 3445 18015 2846 
1 2 18079 3445 
3 7 2846 12215 3056 13469 17982 8684 11607 
3 9 11607 3396 7253 10980 7353 12618 11710 8840 6164 
1 6 6164 10732 107 5189 10002 7818 
1 13 4549 9053 1408 14410 16724 5707 5927 16698 16744 2381 16695 6366 10268 
1 4 4549 9053 16825 7906 
1 14 7906 11215 10593 16875 6364 16975 3110 10728 5654 17120 3622 4717 17151 8075 
3 14 7828 17320 4757 2022 10328 8492 8247 7043 14415 2728 17131 13529 341 13859 
4 12 13859 10669 7313 2915 17033 4882 1801 9327 9426 13050 12856 4549 
4 13 3649 1032 17419 17388 5238 6530 13418 6909 17222 1520 2590 17095 2915 
1 13 16844 12847 5564 609 6267 3353 1056 16748 1537 8484 16790 1413 16797 
1 17 16797 16803 7026 6950 16831 1808 6548 16819 16794 12490 12531 2527 8596 6896 12693 7529 9390 
1 11 12141 17333 1082 7882 5263 12374 9293 11389 6575 17000 3316 
1 5 3316 10705 13842 16855 2527 
1 5 13288 5830 10029 2454 19093 
1 13 13288 4123 19257 19272 19303 2638 19370 2845 6191 19476 19513 3894 19559 
4 8 19093 10720 4520 6153 12318 1675 11835 11947 
1 5 10994 19684 19634 14681 7275 
1 4 7275 4021 10533 8149 
4 4 5193 6170 5519 2118 
4 6 2118 4797 18327 18306 7434 5302 
3 8 7434 14236 9153 14637 4986 8892 6778 12225 
3 7 11507 13099 10629 17735 4061 17662 3280 
1 5 18468 1061 3683 1612 11959 
1 8 5302 2274 3602 6995 3717 2752 14039 1580 
1 5 1580 11979 13591 18549 8982 
3 13 1580 7158 10841 114 13345 13816 18185 14247 5856 4327 1620 10350 11607 
1 2 13816 13196 
1 8 12263 17820 7916 17708 2716 17661 17637 6689 
1 8 6689 7773 11340 17450 3853 10990 12930 8800 
1 11 10268 11009 10995 14640 10624 16950 11691 17093 9106 6085 17164 
1 14 18228 13436 6244 2424 8323 11936 18007 17976 11810 17923 17881 17840 17800 8018 
1 5 10178 8298 14540 2357 5948 
1 7 5948 9914 17005 3470 11339 3669 16797 
1 9 2357 17168 12526 7111 6912 17159 6417 13592 17089 
1 6 17089 13416 7413 1149 5656 3316 
1 5 5016 10195 17370 13597 2355 
1 4 2355 8856 5855 14176 
1 5 14176 9571 17143 2894 17089 
1 2 11021 12330 
3 4 6609 11486 13475 2503 
1 7 9261 7930 8757 9734 11682 7584 18564 
1 8 77 644 14397 6095 10203 4688 13696 14027 
1 7 1408 1956 13001 480 16547 12453 4996 
1 15 5830 14216 3383 10802 18951 8653 9769 18779 7388 3533 18622 6596 5637 3793 18468 
1 11 3533 12750 14579 3130 18691 5877 6986 104 9832 572 8982 
1 5 18007 478 3659 3582 17885 
1 10 17885 6408 12483 17784 17763 11420 10835 13619 13024 17660 
1 8 17998 4432 1934 10748 18055 18042 10429 5964 
1 7 10429 6652 5250 7722 7029 5682 18228 
1 12 18246 1599 13377 5178 13715 18227 719 13879 1813 18265 18249 11967 
1 8 11967 11300 14375 7765 13346 9331 18098 7198 
1 51 18233 2119 18271 8983 1737 9774 2876 860 10551 18222 10049 2836 5099 13320 2602 8587 4866 5413 744 12730 1081 17827 2297 3013 17703 17676 4636 6699 3280 17590 9009 14447 1460 8278 11666 3649 7818 17466 10414 17404 4584 2718 11498 12163 11746 17295 3690 2222 8075 17164 8800 
1 17 19903 4048 9143 2409 19777 8643 19693 2043 19603 10102 2050 19444 11497 5579 19344 3381 12406 
1 4 8643 545 19710 10994 
1 16 10994 9309 1910 19636 19637 2576 7540 3157 6973 12851 5884 19591 437 11768 3189 4758 
1 9 3512 8742 19587 3994 19651 2537 13547 13571 19693 
1 10 17163 231 13225 1660 2585 16984 5589 9559 7493 16844 
1 2 17163 8800 
1 21 7198 9291 18049 3568 17991 17987 5035 9191 6078 1733 17824 11556 11554 13013 3641 497 17681 3742 4111 9097 17577 
1 2 9097 17577 
1 22 17577 6313 7864 11278 9 4904 8314 12762 4626 10782 17400 7752 14598 14186 14669 10178 17299 13295 14356 10274 11968 7942 
1 14 10043 174 6913 18060 14197 11260 13762 17833 647 17727 9818 14313 5797 6313 
1 11 7942 12801 10070 10472 6522 10555 6220 2323 14508 17163 8800 
1 7 19053 14052 4005 3492 19165 1797 12406 
1 14 19165 10858 13536 12740 13577 2505 6730 10020 19012 11293 1026 18927 9282 11305 
1 14 11305 4218 83 18807 18819 6873 18781 13994 4895 10107 6749 18638 5229 18628 
1 3 18628 718 6609 
1 23 11947 1622 14384 4786 8781 4057 9991 2460 6796 10860 19073 6055 21943 11331 21946 21945 258 21951 21950 21955 3732 7162 18957 
1 9 12984 4353 8216 14279 18957 7162 4016 14857 21957 
1 16 12984 6948 4007 7512 36 7459 5193 2923 13047 18446 18431 18403 8117 18369 12985 18398 
1 4 18233 18194 9139 5518 
1 5 17660 17610 7788 12123 10782 
1 8 17660 7308 17742 3522 17839 14522 17961 17998 
1 10 17998 13066 9566 7999 18127 174 1248 9760 7735 18246 
1 11 6313 4252 7918 5016 9771 17432 8320 12739 5195 12141 6922 
1 7 614 11356 7094 8159 4812 7086 6922 
1 34 4786 8438 11040 14486 8982 5124 18513 1859 5198 5516 1672 7656 11959 10707 7290 9040 18079 5305 3747 17920 17888 12263 2338 8018 6561 17652 11743 2055 8551 1889 12247 5489 7128 13295 
1 13 2297 14269 5770 1170 9304 6933 6268 4469 10013 13782 3279 17405 7828 
1 10 18398 6865 295 12843 898 9261 4453 9384 590 11305 
1 7 18398 8119 18312 10470 12102 18215 13320 
1 3 3445 18015 2846 
1 2 18079 3445 
1 7 2846 12215 3056 13469 17982 8684 11607 
1 9 11607 3396 7253 10980 7353 12618 11710 8840 6164 
1 6 6164 10732 107 5189 10002 7818 
1 13 4549 9053 1408 14410 16724 5707 5927 16698 16744 2381 16695 6366 10268 
1 4 4549 9053 16825 7906 
1 14 7906 11215 10593 16875 6364 16975 3110 10728 5654 17120 3622 4717 17151 8075 
1 14 7828 17320 4757 2022 10328 8492 8247 7043 14415 2728 17131 13529 341 13859 
1 12 13859 10669 7313 2915 17033 4882 1801 9327 9426 13050 12856 4549 
1 13 3649 1032 17419 17388 5238 6530 13418 6909 17222 1520 2590 17095 2915 
1 13 16844 12847 5564 609 6267 3353 1056 16748 1537 8484 16790 1413 16797 
1 17 16797 16803 7026 6950 16831 1808 6548 16819 16794 12490 12531 2527 8596 6896 12693 7529 9390 
1 11 12141 17333 1082 7882 5263 12374 9293 11389 6575 17000 3316 
1 5 3316 10705 13842 16855 2527 
1 5 13288 5830 10029 2454 19093 
1 13 13288 4123 19257 19272 19303 2638 19370 2845 6191 19476 19513 3894 19559 
1 8 19093 10720 4520 6153 12318 1675 11835 11947 
1 5 10994 19684 19634 14681 7275 
1 4 7275 4021 10533 8149 
1 4 5193 6170 5519 2118 
1 6 2118 4797 18327 18306 7434 5302 
1 9 7434 14236 9153 14637 4986 8892 6778 12225 11507 
1 7 11507 13099 10629 17735 4061 17662 3280 
1 5 18468 1061 3683 1612 11959 
1 8 5302 2274 3602 6995 3717 2752 14039 1580 
1 5 1580 11979 13591 18549 8982 
1 13 1580 7158 10841 114 13345 13816 18185 14247 5856 4327 1620 10350 11607 
1 2 13816 13196 
1 8 12263 17820 7916 17708 2716 17661 17637 6689 
1 8 6689 7773 11340 17450 3853 10990 12930 8800 
1 11 10268 11009 10995 14640 10624 16950 11691 17093 9106 6085 17164 
1 14 18228 13436 6244 2424 8323 11936 18007 17976 11810 17923 17881 17840 17800 8018 
1 5 10178 8298 14540 2357 5948 
1 7 5948 9914 17005 3470 11339 3669 16797 
1 9 2357 17168 12526 7111 6912 17159 6417 13592 17089 
1 6 17089 13416 7413 1149 5656 3316 
1 5 5016 10195 17370 13597 2355 
1 4 2355 8856 5855 14176 
1 5 14176 9571 17143 2894 17089 
1 4 10510 8093 13750 1167 
1 2 543 11021 
1 2 11021 12330 
1 4 6609 11486 13475 2503 
1 7 9261 7930 8757 9734 11682 7584 18564 
1 2 5525 5281 
1 8 77 644 14397 6095 10203 4688 13696 14027 
1 7 1408 1956 13001 480 16547 12453 4996 
1 15 5830 14216 3383 10802 18951 8653 9769 18779 7388 3533 18622 6596 5637 3793 18468 
1 11 3533 12750 14579 3130 18691 5877 6986 104 9832 572 8982 
1 5 18007 478 3659 3582 17885 
1 10 17885 6408 12483 17784 17763 11420 10835 13619 13024 17660 
1 8 17998 4432 1934 10748 18055 18042 10429 5964 
1 7 10429 6652 5250 7722 7029 5682 18228 
1 12 18246 1599 13377 5178 13715 18227 719 13879 1813 18265 18249 11967 
1 8 11967 11300 14375 7765 13346 9331 18098 7198 
3 30 12631 12448 9214 11727 9810 9041 1044 16207 10857 5625 16124 11467 16082 16046 1217 12677 7452 15932 2884 2341 15842 6252 13325 14117 13336 7697 15609 15569 15545 6977 
2 15 6977 13767 6655 12412 14042 15364 15332 4 8584 4314 11216 9545 9961 5561 13504 
2 24 6977 15485 12697 11131 8616 15486 3495 9326 5669 15500 942 1232 3440 15402 12001 15374 7341 15275 13239 9442 15167 9716 2628 13350 
2 28 6977 6615 5562 2265 11477 15658 222 675 15787 1924 2963 4169 8685 14023 3348 2452 16058 6036 16098 9067 2477 9874 3446 9404 9312 12172 10774 16446 
1 5 8091 16353 10410 1728 9312 
1 2 10410 2301 
1 43 1044 3539 8410 5745 16289 3196 16338 2702 16312 4460 16342 10037 16 14658 10436 16307 16326 3450 5863 11803 6612 13978 16345 308 2966 13183 7056 5410 10108 975 16352 2281 3304 1586 16292 10344 16277 2556 14366 12274 16273 16275 9312 
1 29 15366 1700 11596 15493 12803 2300 7872 14078 10446 4745 4497 11880 11158 2341 15943 15978 10731 8130 16076 8164 13973 3925 432 7687 10436 602 10017 6019 5776 
1 28 7154 8395 398 9740 10537 15000 11166 15102 5751 6665 15275 14 5833 13357 14444 10441 7359 7334 15646 1606 4676 14293 9934 6787 3909 10538 11589 16098 
1 5 16098 14544 1003 10829 1586 
1 18 2341 7327 11630 15901 9163 1148 3839 7808 752 5947 9074 9318 15934 7978 15963 1644 10476 8685 
1 11 5989 3206 10006 13537 8453 672 3692 4341 1610 1098 11596 
1 12 11596 10486 2319 7139 13184 4972 5387 2069 9948 13065 8584 4 
1 6 8453 15688 5533 1025 10834 12722 
1 4 12722 7391 4661 9219 
1 5 12722 5047 7032 11828 9336 
1 5 11370 13158 15975 8286 12677 
1 21 4 11815 14219 8434 1018 14144 14441 10179 41 3071 14889 10971 2791 11478 14845 14816 297 240 2988 2500 14741 
1 9 14741 12702 11204 5593 509 13367 456 2077 7154 
1 17 11478 6456 323 14983 9151 1578 1071 51 4648 14132 7561 10216 9951 13765 184 5694 15000 
1 18 6977 15485 356 9144 13297 15411 6217 15367 9039 10073 7293 7068 8604 3234 15340 8547 12534 14042 
1 14 15275 3210 15285 13117 10952 15342 13055 4835 2604 12582 8241 15527 15587 15633 
1 4 15633 15620 813 6836 
1 6 15633 15662 11446 10147 3172 15871 
1 14 15646 15681 12069 15649 1337 12846 11928 5053 15667 12322 9446 6688 15672 15633 
1 8 2719 11544 16501 6499 16437 12670 5437 975 
1 51 18233 2119 18271 8983 1737 9774 2876 860 10551 18222 10049 2836 5099 13320 2602 8587 4866 5413 744 12730 1081 17827 2297 3013 17703 17676 4636 6699 3280 17590 9009 14447 1460 8278 11666 3649 7818 17466 10414 17404 4584 2718 11498 12163 11746 17295 3690 2222 8075 17164 8800 
1 17 19903 4048 9143 2409 19777 8643 19693 2043 19603 10102 2050 19444 11497 5579 19344 3381 12406 
1 4 8643 545 19710 10994 
1 16 10994 9309 1910 19636 19637 2576 7540 3157 6973 12851 5884 19591 437 11768 3189 4758 
1 9 3512 8742 19587 3994 19651 2537 13547 13571 19693 
1 10 17163 231 13225 1660 2585 16984 5589 9559 7493 16844 
1 2 17163 8800 
1 21 7198 9291 18049 3568 17991 17987 5035 9191 6078 1733 17824 11556 11554 13013 3641 497 17681 3742 4111 9097 17577 
1 2 9097 17577 
1 22 17577 6313 7864 11278 9 4904 8314 12762 4626 10782 17400 7752 14598 14186 14669 10178 17299 13295 14356 10274 11968 7942 
1 14 10043 174 6913 18060 14197 11260 13762 17833 647 17727 9818 14313 5797 6313 
1 11 7942 12801 10070 10472 6522 10555 6220 2323 14508 17163 8800 
1 7 19053 14052 4005 3492 19165 1797 12406 
1 14 19165 10858 13536 12740 13577 2505 6730 10020 19012 11293 1026 18927 9282 11305 
1 14 11305 4218 83 18807 18819 6873 18781 13994 4895 10107 6749 18638 5229 18628 
1 4 18628 692 5095 18473 
1 3 18628 718 6609 
1 15 11947 1622 14384 4786 8781 4057 9991 2460 12802 13607 21959 21957 7937 21953 21951 
1 4 12984 4353 8216 14279 
1 16 12984 6948 4007 7512 36 7459 5193 2923 13047 18446 18431 18403 8117 18369 12985 18398 
1 4 18233 18194 9139 5518 
1 5 17660 17610 7788 12123 10782 
1 8 17660 7308 17742 3522 17839 14522 17961 17998 
1 10 17998 13066 9566 7999 18127 174 1248 9760 7735 18246 
1 11 6313 4252 7918 5016 9771 17432 8320 12739 5195 12141 6922 
1 7 614 11356 7094 8159 4812 7086 6922 
1 34 4786 8438 11040 14486 8982 5124 18513 1859 5198 5516 1672 7656 11959 10707 7290 9040 18079 5305 3747 17920 17888 12263 2338 8018 6561 17652 11743 2055 8551 1889 12247 5489 7128 13295 
1 13 2297 14269 5770 1170 9304 6933 6268 4469 10013 13782 3279 17405 7828 
1 10 18398 6865 295 12843 898 9261 4453 9384 590 11305 
1 7 18398 8119 18312 10470 12102 18215 13320 
1 3 3445 18015 2846 
1 2 18079 3445 
1 7 2846 12215 3056 13469 17982 8684 11607 
1 9 11607 3396 7253 10980 7353 12618 11710 8840 6164 
1 6 6164 10732 107 5189 10002 7818 
1 13 4549 9053 1408 14410 16724 5707 5927 16698 16744 2381 16695 6366 10268 
1 4 4549 9053 16825 7906 
1 14 7906 11215 10593 16875 6364 16975 3110 10728 5654 17120 3622 4717 17151 8075 
1 14 7828 17320 4757 2022 10328 8492 8247 7043 14415 2728 17131 13529 341 13859 
1 12 13859 10669 7313 2915 17033 4882 1801 9327 9426 13050 12856 4549 
1 13 3649 1032 17419 17388 5238 6530 13418 6909 17222 1520 2590 17095 2915 
1 13 16844 12847 5564 609 6267 3353 1056 16748 1537 8484 16790 1413 16797 
1 17 16797 16803 7026 6950 16831 1808 6548 16819 16794 12490 12531 2527 8596 6896 12693 7529 9390 
1 11 12141 17333 1082 7882 5263 12374 9293 11389 6575 17000 3316 
1 5 3316 10705 13842 16855 2527 
1 5 13288 5830 10029 2454 19093 
1 13 13288 4123 19257 19272 19303 2638 19370 2845 6191 19476 19513 3894 19559 
1 8 19093 10720 4520 6153 12318 1675 11835 11947 
1 5 10994 19684 19634 14681 7275 
1 4 7275 4021 10533 8149 
1 4 5193 6170 5519 2118 
1 6 2118 4797 18327 18306 7434 5302 
1 9 7434 14236 9153 14637 4986 8892 6778 12225 11507 
1 7 11507 13099 10629 17735 4061 17662 3280 
1 5 18468 1061 3683 1612 11959 
1 8 5302 2274 3602 6995 3717 2752 14039 1580 
1 5 1580 11979 13591 18549 8982 
1 13 1580 7158 10841 114 13345 13816 18185 14247 5856 4327 1620 10350 11607 
1 2 13816 13196 
1 8 12263 17820 7916 17708 2716 17661 17637 6689 
1 8 6689 7773 11340 17450 3853 10990 12930 8800 
1 11 10268 11009 10995 14640 10624 16950 11691 17093 9106 6085 17164 
1 14 18228 13436 6244 2424 8323 11936 18007 17976 11810 17923 17881 17840 17800 8018 
1 5 10178 8298 14540 2357 5948 
1 7 5948 9914 17005 3470 11339 3669 16797 
1 9 2357 17168 12526 7111 6912 17159 6417 13592 17089 
1 6 17089 13416 7413 1149 5656 3316 
1 5 5016 10195 17370 13597 2355 
1 4 2355 8856 5855 14176 
1 5 14176 9571 17143 2894 17089 
1 4 10510 8093 13750 1167 
1 15 13750 1384 17988 7908 12330 13234 17841 17828 4849 2749 17854 77 3267 12731 17963 
1 2 543 11021 
1 2 11021 12330 
1 4 6609 11486 13475 2503 
1 7 9261 7930 8757 9734 11682 7584 18564 
1 2 5525 5281 
1 8 77 644 14397 6095 10203 4688 13696 14027 
1 7 1408 1956 13001 480 16547 12453 4996 
1 15 5830 14216 3383 10802 18951 8653 9769 18779 7388 3533 18622 6596 5637 3793 18468 
1 11 3533 12750 14579 3130 18691 5877 6986 104 9832 572 8982 
1 5 18007 478 3659 3582 17885 
1 10 17885 6408 12483 17784 17763 11420 10835 13619 13024 17660 
1 8 17998 4432 1934 10748 18055 18042 10429 5964 
1 7 10429 6652 5250 7722 7029 5682 18228 
1 12 18246 1599 13377 5178 13715 18227 719 13879 1813 18265 18249 11967 
1 8 11967 11300 14375 7765 13346 9331 18098 7198 
1 51 18233 2119 18271 8983 1737 9774 2876 860 10551 18222 10049 2836 5099 13320 2602 8587 4866 5413 744 12730 1081 17827 2297 3013 17703 17676 4636 6699 3280 17590 9009 14447 1460 8278 11666 3649 7818 17466 10414 17404 4584 2718 11498 12163 11746 17295 3690 2222 8075 17164 8800 
1 17 19903 4048 9143 2409 19777 8643 19693 2043 19603 10102 2050 19444 11497 5579 19344 3381 12406 
1 4 8643 545 19710 10994 
1 16 10994 9309 1910 19636 19637 2576 7540 3157 6973 12851 5884 19591 437 11768 3189 4758 
1 9 3512 8742 19587 3994 19651 2537 13547 13571 19693 
1 10 17163 231 13225 1660 2585 16984 5589 9559 7493 16844 
1 2 17163 8800 
1 21 7198 9291 18049 3568 17991 17987 5035 9191 6078 1733 17824 11556 11554 13013 3641 497 17681 3742 4111 9097 17577 
1 2 9097 17577 
1 22 17577 6313 7864 11278 9 4904 8314 12762 4626 10782 17400 7752 14598 14186 14669 10178 17299 13295 14356 10274 11968 7942 
1 14 10043 174 6913 18060 14197 11260 13762 17833 647 17727 9818 14313 5797 6313 
1 11 7942 12801 10070 10472 6522 10555 6220 2323 14508 17163 8800 
1 14 12406 1797 19165 3492 4005 14052 19053 4917 21949 21952 21956 14782 9782 18957 
1 14 19165 10858 13536 12740 13577 2505 6730 10020 19012 11293 1026 18927 9282 11305 
1 14 11305 4218 83 18807 18819 6873 18781 13994 4895 10107 6749 18638 5229 18628 
1 4 18628 692 5095 18473 
1 3 18628 718 6609 
1 9 11947 1622 14384 4786 8781 4057 9991 2460 6796 
1 6 258 18957 14279 8216 4353 12984 
1 16 12984 6948 4007 7512 36 7459 5193 2923 13047 18446 18431 18403 8117 18369 12985 18398 
1 4 18233 18194 9139 5518 
1 5 17660 17610 7788 12123 10782 
1 8 17660 7308 17742 3522 17839 14522 17961 17998 
1 10 17998 13066 9566 7999 18127 174 1248 9760 7735 18246 
1 11 6313 4252 7918 5016 9771 17432 8320 12739 5195 12141 6922 
1 7 614 11356 7094 8159 4812 7086 6922 
1 34 4786 8438 11040 14486 8982 5124 18513 1859 5198 5516 1672 7656 11959 10707 7290 9040 18079 5305 3747 17920 17888 12263 2338 8018 6561 17652 11743 2055 8551 1889 12247 5489 7128 13295 
1 13 2297 14269 5770 1170 9304 6933 6268 4469 10013 13782 3279 17405 7828 
1 10 18473 18421 4713 7283 18271 12031 8778 5281 18032 1167 
1 10 18398 6865 295 12843 898 9261 4453 9384 590 11305 
1 7 18398 8119 18312 10470 12102 18215 13320 
1 3 3445 18015 2846 
1 2 18079 3445 
1 7 2846 12215 3056 13469 17982 8684 11607 
1 9 11607 3396 7253 10980 7353 12618 11710 8840 6164 
1 6 6164 10732 107 5189 10002 7818 
1 13 4549 9053 1408 14410 16724 5707 5927 16698 16744 2381 16695 6366 10268 
1 4 4549 9053 16825 7906 
1 14 7906 11215 10593 16875 6364 16975 3110 10728 5654 17120 3622 4717 17151 8075 
1 14 7828 17320 4757 2022 10328 8492 8247 7043 14415 2728 17131 13529 341 13859 
1 12 13859 10669 7313 2915 17033 4882 1801 9327 9426 13050 12856 4549 
1 13 3649 1032 17419 17388 5238 6530 13418 6909 17222 1520 2590 17095 2915 
1 13 16844 12847 5564 609 6267 3353 1056 16748 1537 8484 16790 1413 16797 
1 17 16797 16803 7026 6950 16831 1808 6548 16819 16794 12490 12531 2527 8596 6896 12693 7529 9390 
1 11 12141 17333 1082 7882 5263 12374 9293 11389 6575 17000 3316 
1 5 3316 10705 13842 16855 2527 
1 5 13288 5830 10029 2454 19093 
1 13 13288 4123 19257 19272 19303 2638 19370 2845 6191 19476 19513 3894 19559 
1 8 19093 10720 4520 6153 12318 1675 11835 11947 
1 5 10994 19684 19634 14681 7275 
1 4 7275 4021 10533 8149 
1 4 5193 6170 5519 2118 
1 6 2118 4797 18327 18306 7434 5302 
1 9 7434 14236 9153 14637 4986 8892 6778 12225 11507 
1 7 11507 13099 10629 17735 4061 17662 3280 
1 5 18468 1061 3683 1612 11959 
1 8 5302 2274 3602 6995 3717 2752 14039 1580 
1 5 1580 11979 13591 18549 8982 
1 13 1580 7158 10841 114 13345 13816 18185 14247 5856 4327 1620 10350 11607 
1 2 13816 13196 
1 8 12263 17820 7916 17708 2716 17661 17637 6689 
1 8 6689 7773 11340 17450 3853 10990 12930 8800 
1 11 10268 11009 10995 14640 10624 16950 11691 17093 9106 6085 17164 
1 14 18228 13436 6244 2424 8323 11936 18007 17976 11810 17923 17881 17840 17800 8018 
1 5 10178 8298 14540 2357 5948 
1 7 5948 9914 17005 3470 11339 3669 16797 
1 9 2357 17168 12526 7111 6912 17159 6417 13592 17089 
1 6 17089 13416 7413 1149 5656 3316 
1 5 5016 10195 17370 13597 2355 
1 4 2355 8856 5855 14176 
1 5 14176 9571 17143 2894 17089 
1 4 10510 8093 13750 1167 
1 15 13750 1384 17988 7908 12330 13234 17841 17828 4849 2749 17854 77 3267 12731 17963 
1 2 543 11021 
1 2 11021 12330 
1 6 543 12982 8518 5649 4116 17963 
1 4 6609 11486 13475 2503 
1 7 9261 7930 8757 9734 11682 7584 18564 
1 2 5525 5281 
1 8 77 644 14397 6095 10203 4688 13696 14027 
1 7 1408 1956 13001 480 16547 12453 4996 
1 15 5830 14216 3383 10802 18951 8653 9769 18779 7388 3533 18622 6596 5637 3793 18468 
1 11 3533 12750 14579 3130 18691 5877 6986 104 9832 572 8982 
1 5 18007 478 3659 3582 17885 
1 10 17885 6408 12483 17784 17763 11420 10835 13619 13024 17660 
1 8 17998 4432 1934 10748 18055 18042 10429 5964 
1 7 10429 6652 5250 7722 7029 5682 18228 
1 12 18246 1599 13377 5178 13715 18227 719 13879 1813 18265 18249 11967 
1 8 11967 11300 14375 7765 13346 9331 18098 7198 
3 30 12631 12448 9214 11727 9810 9041 1044 16207 10857 5625 16124 11467 16082 16046 1217 12677 7452 15932 2884 2341 15842 6252 13325 14117 13336 7697 15609 15569 15545 6977 
2 15 6977 13767 6655 12412 14042 15364 15332 4 8584 4314 11216 9545 9961 5561 13504 
2 24 6977 15485 12697 11131 8616 15486 3495 9326 5669 15500 942 1232 3440 15402 12001 15374 7341 15275 13239 9442 15167 9716 2628 13350 
2 28 6977 6615 5562 2265 11477 15658 222 675 15787 1924 2963 4169 8685 14023 3348 2452 16058 6036 16098 9067 2477 9874 3446 9404 9312 12172 10774 16446 
1 5 8091 16353 10410 1728 9312 
1 2 10410 2301 
1 43 1044 3539 8410 5745 16289 3196 16338 2702 16312 4460 16342 10037 16 14658 10436 16307 16326 3450 5863 11803 6612 13978 16345 308 2966 13183 7056 5410 10108 975 16352 2281 3304 1586 16292 10344 16277 2556 14366 12274 16273 16275 9312 
1 29 15366 1700 11596 15493 12803 2300 7872 14078 10446 4745 4497 11880 11158 2341 15943 15978 10731 8130 16076 8164 13973 3925 432 7687 10436 602 10017 6019 5776 
1 28 7154 8395 398 9740 10537 15000 11166 15102 5751 6665 15275 14 5833 13357 14444 10441 7359 7334 15646 1606 4676 14293 9934 6787 3909 10538 11589 16098 
1 5 16098 14544 1003 10829 1586 
1 18 2341 7327 11630 15901 9163 1148 3839 7808 752 5947 9074 9318 15934 7978 15963 1644 10476 8685 
1 11 5989 3206 10006 13537 8453 672 3692 4341 1610 1098 11596 
1 12 11596 10486 2319 7139 13184 4972 5387 2069 9948 13065 8584 4 
1 6 8453 15688 5533 1025 10834 12722 
1 4 12722 7391 4661 9219 
1 5 12722 5047 7032 11828 9336 
1 5 11370 13158 15975 8286 12677 
1 21 4 11815 14219 8434 1018 14144 14441 10179 41 3071 14889 10971 2791 11478 14845 14816 297 240 2988 2500 14741 
1 9 14741 12702 11204 5593 509 13367 456 2077 7154 
1 17 11478 6456 323 14983 9151 1578 1071 51 4648 14132 7561 10216 9951 13765 184 5694 15000 
1 18 6977 15485 356 9144 13297 15411 6217 15367 9039 10073 7293 7068 8604 3234 15340 8547 12534 14042 
1 14 15275 3210 15285 13117 10952 15342 13055 4835 2604 12582 8241 15527 15587 15633 
1 4 15633 15620 813 6836 
1 6 15633 15662 11446 10147 3172 15871 
1 14 15646 15681 12069 15649 1337 12846 11928 5053 15667 12322 9446 6688 15672 15633 
1 8 2719 11544 16501 6499 16437 12670 5437 975 
1 3 14302 9036 15658 
1 3 14302 3127 222 
1 3 15539 87 13357 
1 3 15539 15577 12069 
1 4 9874 5764 6452 9312 
1 5 2597 2608 16068 13078 5625 
1 2 15210 11216 
1 51 18233 2119 18271 8983 1737 9774 2876 860 10551 18222 10049 2836 5099 13320 2602 8587 4866 5413 744 12730 1081 17827 2297 3013 17703 17676 4636 6699 3280 17590 9009 14447 1460 8278 11666 3649 7818 17466 10414 17404 4584 2718 11498 12163 11746 17295 3690 2222 8075 17164 8800 
1 17 19903 4048 9143 2409 19777 8643 19693 2043 19603 10102 2050 19444 11497 5579 19344 3381 12406 
1 4 8643 545 19710 10994 
1 16 10994 9309 1910 19636 19637 2576 7540 3157 6973 12851 5884 19591 437 11768 3189 4758 
1 9 3512 8742 19587 3994 19651 2537 13547 13571 19693 
1 10 17163 231 13225 1660 2585 16984 5589 9559 7493 16844 
1 2 17163 8800 
1 21 7198 9291 18049 3568 17991 17987 5035 9191 6078 1733 17824 11556 11554 13013 3641 497 17681 3742 4111 9097 17577 
1 2 9097 17577 
1 22 17577 6313 7864 11278 9 4904 8314 12762 4626 10782 17400 7752 14598 14186 14669 10178 17299 13295 14356 10274 11968 7942 
1 14 10043 174 6913 18060 14197 11260 13762 17833 647 17727 9818 14313 5797 6313 
1 11 7942 12801 10070 10472 6522 10555 6220 2323 14508 17163 8800 
1 9 258 4917 19053 14052 4005 3492 19165 1797 12406 
1 14 19165 10858 13536 12740 13577 2505 6730 10020 19012 11293 1026 18927 9282 11305 
1 14 11305 4218 83 18807 18819 6873 18781 13994 4895 10107 6749 18638 5229 18628 
1 4 18628 692 5095 18473 
1 3 18628 718 6609 
1 9 11947 1622 14384 4786 8781 4057 9991 2460 6796 
1 6 258 18957 14279 8216 4353 12984 
1 16 12984 6948 4007 7512 36 7459 5193 2923 13047 18446 18431 18403 8117 18369 12985 18398 
1 4 18233 18194 9139 5518 
1 5 17660 17610 7788 12123 10782 
1 8 17660 7308 17742 3522 17839 14522 17961 17998 
1 10 17998 13066 9566 7999 18127 174 1248 9760 7735 18246 
1 11 6313 4252 7918 5016 9771 17432 8320 12739 5195 12141 6922 
1 7 614 11356 7094 8159 4812 7086 6922 
1 34 4786 8438 11040 14486 8982 5124 18513 1859 5198 5516 1672 7656 11959 10707 7290 9040 18079 5305 3747 17920 17888 12263 2338 8018 6561 17652 11743 2055 8551 1889 12247 5489 7128 13295 
1 13 2297 14269 5770 1170 9304 6933 6268 4469 10013 13782 3279 17405 7828 
1 10 18473 18421 4713 7283 18271 12031 8778 5281 18032 1167 
1 10 18398 6865 295 12843 898 9261 4453 9384 590 11305 
1 7 18398 8119 18312 10470 12102 18215 13320 
1 3 3445 18015 2846 
1 2 18079 3445 
1 7 2846 12215 3056 13469 17982 8684 11607 
1 9 11607 3396 7253 10980 7353 12618 11710 8840 6164 
1 6 6164 10732 107 5189 10002 7818 
1 13 4549 9053 1408 14410 16724 5707 5927 16698 16744 2381 16695 6366 10268 
1 4 4549 9053 16825 7906 
1 14 7906 11215 10593 16875 6364 16975 3110 10728 5654 17120 3622 4717 17151 8075 
1 14 7828 17320 4757 2022 10328 8492 8247 7043 14415 2728 17131 13529 341 13859 
1 12 13859 10669 7313 2915 17033 4882 1801 9327 9426 13050 12856 4549 
1 13 3649 1032 17419 17388 5238 6530 13418 6909 17222 1520 2590 17095 2915 
1 13 16844 12847 5564 609 6267 3353 1056 16748 1537 8484 16790 1413 16797 
1 17 16797 16803 7026 6950 16831 1808 6548 16819 16794 12490 12531 2527 8596 6896 12693 7529 9390 
1 11 12141 17333 1082 7882 5263 12374 9293 11389 6575 17000 3316 
1 5 3316 10705 13842 16855 2527 
1 5 13288 5830 10029 2454 19093 
1 13 13288 4123 19257 19272 19303 2638 19370 2845 6191 19476 19513 3894 19559 
1 8 19093 10720 4520 6153 12318 1675 11835 11947 
1 5 10994 19684 19634 14681 7275 
1 4 7275 4021 10533 8149 
1 4 5193 6170 5519 2118 
1 6 2118 4797 18327 18306 7434 5302 
1 9 7434 14236 9153 14637 4986 8892 6778 12225 11507 
1 7 11507 13099 10629 17735 4061 17662 3280 
1 5 18468 1061 3683 1612 11959 
1 8 5302 2274 3602 6995 3717 2752 14039 1580 
1 5 1580 11979 13591 18549 8982 
1 13 1580 7158 10841 114 13345 13816 18185 14247 5856 4327 1620 10350 11607 
1 2 13816 13196 
1 8 12263 17820 7916 17708 2716 17661 17637 6689 
1 8 6689 7773 11340 17450 3853 10990 12930 8800 
1 11 10268 11009 10995 14640 10624 16950 11691 17093 9106 6085 17164 
1 14 18228 13436 6244 2424 8323 11936 18007 17976 11810 17923 17881 17840 17800 8018 
1 5 10178 8298 14540 2357 5948 
1 7 5948 9914 17005 3470 11339 3669 16797 
1 9 2357 17168 12526 7111 6912 17159 6417 13592 17089 
1 6 17089 13416 7413 1149 5656 3316 
1 5 5016 10195 17370 13597 2355 
1 4 2355 8856 5855 14176 
1 5 14176 9571 17143 2894 17089 
1 4 10510 8093 13750 1167 
1 15 13750 1384 17988 7908 12330 13234 17841 17828 4849 2749 17854 77 3267 12731 17963 
1 2 543 11021 
1 2 11021 12330 
1 6 543 12982 8518 5649 4116 17963 
1 4 6609 11486 13475 2503 
1 7 9261 7930 8757 9734 11682 7584 18564 
1 2 5525 5281 
1 8 77 644 14397 6095 10203 4688 13696 14027 
1 7 1408 1956 13001 480 16547 12453 4996 
1 15 5830 14216 3383 10802 18951 8653 9769 18779 7388 3533 18622 6596 5637 3793 18468 
1 11 3533 12750 14579 3130 18691 5877 6986 104 9832 572 8982 
1 5 18007 478 3659 3582 17885 
1 10 17885 6408 12483 17784 17763 11420 10835 13619 13024 17660 
1 8 17998 4432 1934 10748 18055 18042 10429 5964 
1 7 10429 6652 5250 7722 7029 5682 18228 
1 12 18246 1599 13377 5178 13715 18227 719 13879 1813 18265 18249 11967 
1 8 11967 11300 14375 7765 13346 9331 18098 7198 
1 51 18233 2119 18271 8983 1737 9774 2876 860 10551 18222 10049 2836 5099 13320 2602 8587 4866 5413 744 12730 1081 17827 2297 3013 17703 17676 4636 6699 3280 17590 9009 14447 1460 8278 11666 3649 7818 17466 10414 17404 4584 2718 11498 12163 11746 17295 3690 2222 8075 17164 8800 
1 17 19903 4048 9143 2409 19777 8643 19693 2043 19603 10102 2050 19444 11497 5579 19344 3381 12406 
1 4 8643 545 19710 10994 
1 16 10994 9309 1910 19636 19637 2576 7540 3157 6973 12851 5884 19591 437 11768 3189 4758 
1 9 3512 8742 19587 3994 19651 2537 13547 13571 19693 
1 10 17163 231 13225 1660 2585 16984 5589 9559 7493 16844 
1 2 17163 8800 
1 21 7198 9291 18049 3568 17991 17987 5035 9191 6078 1733 17824 11556 11554 13013 3641 497 17681 3742 4111 9097 17577 
1 2 9097 17577 
1 22 17577 6313 7864 11278 9 4904 8314 12762 4626 10782 17400 7752 14598 14186 14669 10178 17299 13295 14356 10274 11968 7942 
1 14 10043 174 6913 18060 14197 11260 13762 17833 647 17727 9818 14313 5797 6313 
1 11 7942 12801 10070 10472 6522 10555 6220 2323 14508 17163 8800 
1 9 258 4917 19053 14052 4005 3492 19165 1797 12406 
1 14 19165 10858 13536 12740 13577 2505 6730 10020 19012 11293 1026 18927 9282 11305 
1 14 11305 4218 83 18807 18819 6873 18781 13994 4895 10107 6749 18638 5229 18628 
1 4 18628 692 5095 18473 
1 3 18628 718 6609 
1 12 258 11331 7067 6796 2460 9991 4057 8781 4786 14384 1622 11947 
1 6 258 18957 14279 8216 4353 12984 
1 16 12984 6948 4007 7512 36 7459 5193 2923 13047 18446 18431 18403 8117 18369 12985 18398 
1 4 18233 18194 9139 5518 
1 5 17660 17610 7788 12123 10782 
1 8 17660 7308 17742 3522 17839 14522 17961 17998 
1 10 17998 13066 9566 7999 18127 174 1248 9760 7735 18246 
1 11 6313 4252 7918 5016 9771 17432 8320 12739 5195 12141 6922 
1 7 614 11356 7094 8159 4812 7086 6922 
1 34 4786 8438 11040 14486 8982 5124 18513 1859 5198 5516 1672 7656 11959 10707 7290 9040 18079 5305 3747 17920 17888 12263 2338 8018 6561 17652 11743 2055 8551 1889 12247 5489 7128 13295 
1 13 2297 14269 5770 1170 9304 6933 6268 4469 10013 13782 3279 17405 7828 
1 10 18473 18421 4713 7283 18271 12031 8778 5281 18032 1167 
1 10 18398 6865 295 12843 898 9261 4453 9384 590 11305 
1 7 18398 8119 18312 10470 12102 18215 13320 
1 3 3445 18015 2846 
1 2 18079 3445 
1 7 2846 12215 3056 13469 17982 8684 11607 
1 9 11607 3396 7253 10980 7353 12618 11710 8840 6164 
1 6 6164 10732 107 5189 10002 7818 
1 13 4549 9053 1408 14410 16724 5707 5927 16698 16744 2381 16695 6366 10268 
1 4 4549 9053 16825 7906 
1 14 7906 11215 10593 16875 6364 16975 3110 10728 5654 17120 3622 4717 17151 8075 
1 14 7828 17320 4757 2022 10328 8492 8247 7043 14415 2728 17131 13529 341 13859 
1 12 13859 10669 7313 2915 17033 4882 1801 9327 9426 13050 12856 4549 
1 13 3649 1032 17419 17388 5238 6530 13418 6909 17222 1520 2590 17095 2915 
1 13 16844 12847 5564 609 6267 3353 1056 16748 1537 8484 16790 1413 16797 
1 17 16797 16803 7026 6950 16831 1808 6548 16819 16794 12490 12531 2527 8596 6896 12693 7529 9390 
1 11 12141 17333 1082 7882 5263 12374 9293 11389 6575 17000 3316 
1 5 3316 10705 13842 16855 2527 
1 5 13288 5830 10029 2454 19093 
1 13 13288 4123 19257 19272 19303 2638 19370 2845 6191 19476 19513 3894 19559 
1 8 19093 10720 4520 6153 12318 1675 11835 11947 
1 5 10994 19684 19634 14681 7275 
1 4 7275 4021 10533 8149 
1 4 5193 6170 5519 2118 
1 6 2118 4797 18327 18306 7434 5302 
1 9 7434 14236 9153 14637 4986 8892 6778 12225 11507 
1 7 11507 13099 10629 17735 4061 17662 3280 
1 5 18468 1061 3683 1612 11959 
1 8 5302 2274 3602 6995 3717 2752 14039 1580 
1 5 1580 11979 13591 18549 8982 
1 13 1580 7158 10841 114 13345 13816 18185 14247 5856 4327 1620 10350 11607 
1 2 13816 13196 
1 8 12263 17820 7916 17708 2716 17661 17637 6689 
1 8 6689 7773 11340 17450 3853 10990 12930 8800 
1 11 10268 11009 10995 14640 10624 16950 11691 17093 9106 6085 17164 
1 14 18228 13436 6244 2424 8323 11936 18007 17976 11810 17923 17881 17840 17800 8018 
1 5 10178 8298 14540 2357 5948 
1 7 5948 9914 17005 3470 11339 3669 16797 
1 9 2357 17168 12526 7111 6912 17159 6417 13592 17089 
1 6 17089 13416 7413 1149 5656 3316 
1 5 5016 10195 17370 13597 2355 
1 4 2355 8856 5855 14176 
1 5 14176 9571 17143 2894 17089 
1 4 10510 8093 13750 1167 
1 15 13750 1384 17988 7908 12330 13234 17841 17828 4849 2749 17854 77 3267 12731 17963 
1 2 543 11021 
1 2 11021 12330 
1 6 543 12982 8518 5649 4116 17963 
1 4 6609 11486 13475 2503 
1 7 9261 7930 8757 9734 11682 7584 18564 
1 2 5525 5281 
1 8 77 644 14397 6095 10203 4688 13696 14027 
1 7 1408 1956 13001 480 16547 12453 4996 
1 15 5830 14216 3383 10802 18951 8653 9769 18779 7388 3533 18622 6596 5637 3793 18468 
1 11 3533 12750 14579 3130 18691 5877 6986 104 9832 572 8982 
1 5 18007 478 3659 3582 17885 
1 10 17885 6408 12483 17784 17763 11420 10835 13619 13024 17660 
1 8 17998 4432 1934 10748 18055 18042 10429 5964 
1 7 10429 6652 5250 7722 7029 5682 18228 
1 12 18246 1599 13377 5178 13715 18227 719 13879 1813 18265 18249 11967 
1 8 11967 11300 14375 7765 13346 9331 18098 7198 
3 30 12631 12448 9214 11727 9810 9041 1044 16207 10857 5625 16124 11467 16082 16046 1217 12677 7452 15932 2884 2341 15842 6252 13325 14117 13336 7697 15609 15569 15545 6977 
2 15 6977 13767 6655 12412 14042 15364 15332 4 8584 4314 11216 9545 9961 5561 13504 
2 24 6977 15485 12697 11131 8616 15486 3495 9326 5669 15500 942 1232 3440 15402 12001 15374 7341 15275 13239 9442 15167 9716 2628 13350 
2 28 6977 6615 5562 2265 11477 15658 222 675 15787 1924 2963 4169 8685 14023 3348 2452 16058 6036 16098 9067 2477 9874 3446 9404 9312 12172 10774 16446 
1 5 8091 16353 10410 1728 9312 
1 2 10410 2301 
1 43 1044 3539 8410 5745 16289 3196 16338 2702 16312 4460 16342 10037 16 14658 10436 16307 16326 3450 5863 11803 6612 13978 16345 308 2966 13183 7056 5410 10108 975 16352 2281 3304 1586 16292 10344 16277 2556 14366 12274 16273 16275 9312 
1 29 15366 1700 11596 15493 12803 2300 7872 14078 10446 4745 4497 11880 11158 2341 15943 15978 10731 8130 16076 8164 13973 3925 432 7687 10436 602 10017 6019 5776 
1 28 7154 8395 398 9740 10537 15000 11166 15102 5751 6665 15275 14 5833 13357 14444 10441 7359 7334 15646 1606 4676 14293 9934 6787 3909 10538 11589 16098 
1 5 16098 14544 1003 10829 1586 
1 18 2341 7327 11630 15901 9163 1148 3839 7808 752 5947 9074 9318 15934 7978 15963 1644 10476 8685 
1 11 5989 3206 10006 13537 8453 672 3692 4341 1610 1098 11596 
1 12 11596 10486 2319 7139 13184 4972 5387 2069 9948 13065 8584 4 
1 6 8453 15688 5533 1025 10834 12722 
1 4 12722 7391 4661 9219 
1 5 12722 5047 7032 11828 9336 
1 5 11370 13158 15975 8286 12677 
1 21 4 11815 14219 8434 1018 14144 14441 10179 41 3071 14889 10971 2791 11478 14845 14816 297 240 2988 2500 14741 
1 9 14741 12702 11204 5593 509 13367 456 2077 7154 
1 17 11478 6456 323 14983 9151 1578 1071 51 4648 14132 7561 10216 9951 13765 184 5694 15000 
1 18 6977 15485 356 9144 13297 15411 6217 15367 9039 10073 7293 7068 8604 3234 15340 8547 12534 14042 
1 14 15275 3210 15285 13117 10952 15342 13055 4835 2604 12582 8241 15527 15587 15633 
1 4 15633 15620 813 6836 
1 6 15633 15662 11446 10147 3172 15871 
1 14 15646 15681 12069 15649 1337 12846 11928 5053 15667 12322 9446 6688 15672 15633 
1 8 2719 11544 16501 6499 16437 12670 5437 975 
1 51 18233 2119 18271 8983 1737 9774 2876 860 10551 18222 10049 2836 5099 13320 2602 8587 4866 5413 744 12730 1081 17827 2297 3013 17703 17676 4636 6699 3280 17590 9009 14447 1460 8278 11666 3649 7818 17466 10414 17404 4584 2718 11498 12163 11746 17295 3690 2222 8075 17164 8800 
1 17 19903 4048 9143 2409 19777 8643 19693 2043 19603 10102 2050 19444 11497 5579 19344 3381 12406 
1 4 8643 545 19710 10994 
1 16 10994 9309 1910 19636 19637 2576 7540 3157 6973 12851 5884 19591 437 11768 3189 4758 
1 9 3512 8742 19587 3994 19651 2537 13547 13571 19693 
1 10 17163 231 13225 1660 2585 16984 5589 9559 7493 16844 
1 2 17163 8800 
1 21 7198 9291 18049 3568 17991 17987 5035 9191 6078 1733 17824 11556 11554 13013 3641 497 17681 3742 4111 9097 17577 
1 2 9097 17577 
1 22 17577 6313 7864 11278 9 4904 8314 12762 4626 10782 17400 7752 14598 14186 14669 10178 17299 13295 14356 10274 11968 7942 
1 14 10043 174 6913 18060 14197 11260 13762 17833 647 17727 9818 14313 5797 6313 
1 11 7942 12801 10070 10472 6522 10555 6220 2323 14508 17163 8800 
1 9 258 4917 19053 14052 4005 3492 19165 1797 12406 
1 14 19165 10858 13536 12740 13577 2505 6730 10020 19012 11293 1026 18927 9282 11305 
1 14 11305 4218 83 18807 18819 6873 18781 13994 4895 10107 6749 18638 5229 18628 
1 4 18628 692 5095 18473 
1 3 18628 718 6609 
1 12 258 11331 7067 6796 2460 9991 4057 8781 4786 14384 1622 11947 
1 6 258 18957 14279 8216 4353 12984 
1 16 12984 6948 4007 7512 36 7459 5193 2923 13047 18446 18431 18403 8117 18369 12985 18398 
1 4 18233 18194 9139 5518 
1 5 17660 17610 7788 12123 10782 
1 8 17660 7308 17742 3522 17839 14522 17961 17998 
1 10 17998 13066 9566 7999 18127 174 1248 9760 7735 18246 
1 11 6313 4252 7918 5016 9771 17432 8320 12739 5195 12141 6922 
1 7 614 11356 7094 8159 4812 7086 6922 
1 34 4786 8438 11040 14486 8982 5124 18513 1859 5198 5516 1672 7656 11959 10707 7290 9040 18079 5305 3747 17920 17888 12263 2338 8018 6561 17652 11743 2055 8551 1889 12247 5489 7128 13295 
1 13 2297 14269 5770 1170 9304 6933 6268 4469 10013 13782 3279 17405 7828 
1 10 18473 18421 4713 7283 18271 12031 8778 5281 18032 1167 
1 10 18398 6865 295 12843 898 9261 4453 9384 590 11305 
1 7 18398 8119 18312 10470 12102 18215 13320 
1 3 3445 18015 2846 
1 2 18079 3445 
1 7 2846 12215 3056 13469 17982 8684 11607 
1 9 11607 3396 7253 10980 7353 12618 11710 8840 6164 
1 6 6164 10732 107 5189 10002 7818 
1 13 4549 9053 1408 14410 16724 5707 5927 16698 16744 2381 16695 6366 10268 
1 4 4549 9053 16825 7906 
1 14 7906 11215 10593 16875 6364 16975 3110 10728 5654 17120 3622 4717 17151 8075 
1 14 7828 17320 4757 2022 10328 8492 8247 7043 14415 2728 17131 13529 341 13859 
1 12 13859 10669 7313 2915 17033 4882 1801 9327 9426 13050 12856 4549 
1 13 3649 1032 17419 17388 5238 6530 13418 6909 17222 1520 2590 17095 2915 
1 13 16844 12847 5564 609 6267 3353 1056 16748 1537 8484 16790 1413 16797 
1 17 16797 16803 7026 6950 16831 1808 6548 16819 16794 12490 12531 2527 8596 6896 12693 7529 9390 
1 11 12141 17333 1082 7882 5263 12374 9293 11389 6575 17000 3316 
1 5 3316 10705 13842 16855 2527 
1 5 13288 5830 10029 2454 19093 
1 13 13288 4123 19257 19272 19303 2638 19370 2845 6191 19476 19513 3894 19559 
1 8 19093 10720 4520 6153 12318 1675 11835 11947 
1 5 10994 19684 19634 14681 7275 
1 4 7275 4021 10533 8149 
1 4 5193 6170 5519 2118 
1 6 2118 4797 18327 18306 7434 5302 
1 9 7434 14236 9153 14637 4986 8892 6778 12225 11507 
1 7 11507 13099 10629 17735 4061 17662 3280 
1 5 18468 1061 3683 1612 11959 
1 8 5302 2274 3602 6995 3717 2752 14039 1580 
1 5 1580 11979 13591 18549 8982 
1 13 1580 7158 10841 114 13345 13816 18185 14247 5856 4327 1620 10350 11607 
1 2 13816 13196 
1 8 12263 17820 7916 17708 2716 17661 17637 6689 
1 8 6689 7773 11340 17450 3853 10990 12930 8800 
1 11 10268 11009 10995 14640 10624 16950 11691 17093 9106 6085 17164 
1 14 18228 13436 6244 2424 8323 11936 18007 17976 11810 17923 17881 17840 17800 8018 
1 5 10178 8298 14540 2357 5948 
1 7 5948 9914 17005 3470 11339 3669 16797 
1 9 2357 17168 12526 7111 6912 17159 6417 13592 17089 
1 6 17089 13416 7413 1149 5656 3316 
1 5 5016 10195 17370 13597 2355 
1 4 2355 8856 5855 14176 
1 5 14176 9571 17143 2894 17089 
1 4 10510 8093 13750 1167 
1 15 13750 1384 17988 7908 12330 13234 17841 17828 4849 2749 17854 77 3267 12731 17963 
1 2 543 11021 
1 2 11021 12330 
1 6 543 12982 8518 5649 4116 17963 
1 4 6609 11486 13475 2503 
1 7 9261 7930 8757 9734 11682 7584 18564 
1 2 5525 5281 
1 8 77 644 14397 6095 10203 4688 13696 14027 
1 7 1408 1956 13001 480 16547 12453 4996 
1 15 5830 14216 3383 10802 18951 8653 9769 18779 7388 3533 18622 6596 5637 3793 18468 
1 11 3533 12750 14579 3130 18691 5877 6986 104 9832 572 8982 
1 5 18007 478 3659 3582 17885 
1 10 17885 6408 12483 17784 17763 11420 10835 13619 13024 17660 
1 8 17998 4432 1934 10748 18055 18042 10429 5964 
1 7 10429 6652 5250 7722 7029 5682 18228 
1 12 18246 1599 13377 5178 13715 18227 719 13879 1813 18265 18249 11967 
1 8 11967 11300 14375 7765 13346 9331 18098 7198 
1 51 18233 2119 18271 8983 1737 9774 2876 860 10551 18222 10049 2836 5099 13320 2602 8587 4866 5413 744 12730 1081 17827 2297 3013 17703 17676 4636 6699 3280 17590 9009 14447 1460 8278 11666 3649 7818 17466 10414 17404 4584 2718 11498 12163 11746 17295 3690 2222 8075 17164 8800 
1 17 19903 4048 9143 2409 19777 8643 19693 2043 19603 10102 2050 19444 11497 5579 19344 3381 12406 
1 4 8643 545 19710 10994 
1 16 10994 9309 1910 19636 19637 2576 7540 3157 6973 12851 5884 19591 437 11768 3189 4758 
1 9 3512 8742 19587 3994 19651 2537 13547 13571 19693 
1 10 17163 231 13225 1660 2585 16984 5589 9559 7493 16844 
1 2 17163 8800 
1 21 7198 9291 18049 3568 17991 17987 5035 9191 6078 1733 17824 11556 11554 13013 3641 497 17681 3742 4111 9097 17577 
1 2 9097 17577 
1 22 17577 6313 7864 11278 9 4904 8314 12762 4626 10782 17400 7752 14598 14186 14669 10178 17299 13295 14356 10274 11968 7942 
1 14 10043 174 6913 18060 14197 11260 13762 17833 647 17727 9818 14313 5797 6313 
1 11 7942 12801 10070 10472 6522 10555 6220 2323 14508 17163 8800 
1 9 258 4917 19053 14052 4005 3492 19165 1797 12406 
1 14 19165 10858 13536 12740 13577 2505 6730 10020 19012 11293 1026 18927 9282 11305 
1 14 11305 4218 83 18807 18819 6873 18781 13994 4895 10107 6749 18638 5229 18628 
1 4 18628 692 5095 18473 
1 3 18628 718 6609 
1 12 258 11331 7067 6796 2460 9991 4057 8781 4786 14384 1622 11947 
1 6 258 18957 14279 8216 4353 12984 
1 16 12984 6948 4007 7512 36 7459 5193 2923 13047 18446 18431 18403 8117 18369 12985 18398 
1 4 18233 18194 9139 5518 
1 5 17660 17610 7788 12123 10782 
1 8 17660 7308 17742 3522 17839 14522 17961 17998 
1 10 17998 13066 9566 7999 18127 174 1248 9760 7735 18246 
1 11 6313 4252 7918 5016 9771 17432 8320 12739 5195 12141 6922 
1 7 614 11356 7094 8159 4812 7086 6922 
1 34 4786 8438 11040 14486 8982 5124 18513 1859 5198 5516 1672 7656 11959 10707 7290 9040 18079 5305 3747 17920 17888 12263 2338 8018 6561 17652 11743 2055 8551 1889 12247 5489 7128 13295 
1 13 2297 14269 5770 1170 9304 6933 6268 4469 10013 13782 3279 17405 7828 
1 10 18473 18421 4713 7283 18271 12031 8778 5281 18032 1167 
1 10 18398 6865 295 12843 898 9261 4453 9384 590 11305 
1 7 18398 8119 18312 10470 12102 18215 13320 
1 3 3445 18015 2846 
1 2 18079 3445 
1 7 2846 12215 3056 13469 17982 8684 11607 
1 9 11607 3396 7253 10980 7353 12618 11710 8840 6164 
1 6 6164 10732 107 5189 10002 7818 
1 13 4549 9053 1408 14410 16724 5707 5927 16698 16744 2381 16695 6366 10268 
1 4 4549 9053 16825 7906 
1 14 7906 11215 10593 16875 6364 16975 3110 10728 5654 17120 3622 4717 17151 8075 
1 14 7828 17320 4757 2022 10328 8492 8247 7043 14415 2728 17131 13529 341 13859 
1 12 13859 10669 7313 2915 17033 4882 1801 9327 9426 13050 12856 4549 
1 13 3649 1032 17419 17388 5238 6530 13418 6909 17222 1520 2590 17095 2915 
1 13 16844 12847 5564 609 6267 3353 1056 16748 1537 8484 16790 1413 16797 
1 17 16797 16803 7026 6950 16831 1808 6548 16819 16794 12490 12531 2527 8596 6896 12693 7529 9390 
1 11 12141 17333 1082 7882 5263 12374 9293 11389 6575 17000 3316 
1 5 3316 10705 13842 16855 2527 
1 5 13288 5830 10029 2454 19093 
1 13 13288 4123 19257 19272 19303 2638 19370 2845 6191 19476 19513 3894 19559 
1 8 19093 10720 4520 6153 12318 1675 11835 11947 
1 5 10994 19684 19634 14681 7275 
1 4 7275 4021 10533 8149 
1 4 5193 6170 5519 2118 
1 6 2118 4797 18327 18306 7434 5302 
1 9 7434 14236 9153 14637 4986 8892 6778 12225 11507 
1 7 11507 13099 10629 17735 4061 17662 3280 
1 5 18468 1061 3683 1612 11959 
1 8 5302 2274 3602 6995 3717 2752 14039 1580 
1 5 1580 11979 13591 18549 8982 
1 13 1580 7158 10841 114 13345 13816 18185 14247 5856 4327 1620 10350 11607 
1 2 13816 13196 
1 8 12263 17820 7916 17708 2716 17661 17637 6689 
1 8 6689 7773 11340 17450 3853 10990 12930 8800 
1 11 10268 11009 10995 14640 10624 16950 11691 17093 9106 6085 17164 
1 14 18228 13436 6244 2424 8323 11936 18007 17976 11810 17923 17881 17840 17800 8018 
1 5 10178 8298 14540 2357 5948 
1 7 5948 9914 17005 3470 11339 3669 16797 
1 9 2357 17168 12526 7111 6912 17159 6417 13592 17089 
1 6 17089 13416 7413 1149 5656 3316 
1 5 5016 10195 17370 13597 2355 
1 4 2355 8856 5855 14176 
1 5 14176 9571 17143 2894 17089 
1 4 10510 8093 13750 1167 
1 15 13750 1384 17988 7908 12330 13234 17841 17828 4849 2749 17854 77 3267 12731 17963 
1 2 543 11021 
1 2 11021 12330 
1 6 543 12982 8518 5649 4116 17963 
1 4 6609 11486 13475 2503 
1 7 9261 7930 8757 9734 11682 7584 18564 
1 2 5525 5281 
1 8 77 644 14397 6095 10203 4688 13696 14027 
1 7 1408 1956 13001 480 16547 12453 4996 
1 15 5830 14216 3383 10802 18951 8653 9769 18779 7388 3533 18622 6596 5637 3793 18468 
1 11 3533 12750 14579 3130 18691 5877 6986 104 9832 572 8982 
1 5 18007 478 3659 3582 17885 
1 10 17885 6408 12483 17784 17763 11420 10835 13619 13024 17660 
1 8 17998 4432 1934 10748 18055 18042 10429 5964 
1 7 10429 6652 5250 7722 7029 5682 18228 
1 12 18246 1599 13377 5178 13715 18227 719 13879 1813 18265 18249 11967 
1 8 11967 11300 14375 7765 13346 9331 18098 7198 
3 30 12631 12448 9214 11727 9810 9041 1044 16207 10857 5625 16124 11467 16082 16046 1217 12677 7452 15932 2884 2341 15842 6252 13325 14117 13336 7697 15609 15569 15545 6977 
2 15 6977 13767 6655 12412 14042 15364 15332 4 8584 4314 11216 9545 9961 5561 13504 
2 24 6977 15485 12697 11131 8616 15486 3495 9326 5669 15500 942 1232 3440 15402 12001 15374 7341 15275 13239 9442 15167 9716 2628 13350 
2 28 6977 6615 5562 2265 11477 15658 222 675 15787 1924 2963 4169 8685 14023 3348 2452 16058 6036 16098 9067 2477 9874 3446 9404 9312 12172 10774 16446 
1 5 8091 16353 10410 1728 9312 
1 2 10410 2301 
1 43 1044 3539 8410 5745 16289 3196 16338 2702 16312 4460 16342 10037 16 14658 10436 16307 16326 3450 5863 11803 6612 13978 16345 308 2966 13183 7056 5410 10108 975 16352 2281 3304 1586 16292 10344 16277 2556 14366 12274 16273 16275 9312 
1 29 15366 1700 11596 15493 12803 2300 7872 14078 10446 4745 4497 11880 11158 2341 15943 15978 10731 8130 16076 8164 13973 3925 432 7687 10436 602 10017 6019 5776 
1 28 7154 8395 398 9740 10537 15000 11166 15102 5751 6665 15275 14 5833 13357 14444 10441 7359 7334 15646 1606 4676 14293 9934 6787 3909 10538 11589 16098 
1 5 16098 14544 1003 10829 1586 
1 18 2341 7327 11630 15901 9163 1148 3839 7808 752 5947 9074 9318 15934 7978 15963 1644 10476 8685 
1 11 5989 3206 10006 13537 8453 672 3692 4341 1610 1098 11596 
1 12 11596 10486 2319 7139 13184 4972 5387 2069 9948 13065 8584 4 
1 6 8453 15688 5533 1025 10834 12722 
1 4 12722 7391 4661 9219 
1 5 12722 5047 7032 11828 9336 
1 5 11370 13158 15975 8286 12677 
1 21 4 11815 14219 8434 1018 14144 14441 10179 41 3071 14889 10971 2791 11478 14845 14816 297 240 2988 2500 14741 
1 9 14741 12702 11204 5593 509 13367 456 2077 7154 
1 17 11478 6456 323 14983 9151 1578 1071 51 4648 14132 7561 10216 9951 13765 184 5694 15000 
1 18 6977 15485 356 9144 13297 15411 6217 15367 9039 10073 7293 7068 8604 3234 15340 8547 12534 14042 
1 14 15275 3210 15285 13117 10952 15342 13055 4835 2604 12582 8241 15527 15587 15633 
1 4 15633 15620 813 6836 
1 6 15633 15662 11446 10147 3172 15871 
1 14 15646 15681 12069 15649 1337 12846 11928 5053 15667 12322 9446 6688 15672 15633 
1 8 2719 11544 16501 6499 16437 12670 5437 975 
1 3 14302 9036 15658 
1 3 14302 3127 222 
1 3 15539 87 13357 
1 3 15539 15577 12069 
1 4 9874 5764 6452 9312 
1 5 2597 2608 16068 13078 5625 
1 2 15210 11216 
1 5 13385 15077 6829 8654 13504 
1 6 13385 1182 14568 11173 1603 13830 
1 3 1182 15122 15077 
1 10 13385 502 6491 7657 8619 12292 14989 14975 10134 9834 
1 2 502 1182 
1 11 15077 377 12749 2644 10688 720 579 13626 10428 10462 10419 
1 5 720 8969 11407 14734 6464 
1 10 502 12785 15221 4291 2405 15335 15370 15406 15442 15444 
1 2 720 7660 
1 2 10134 9490 
1 3 9490 270 8357 
1 3 8357 1532 11728 
1 5 14819 5952 14762 12602 14751 
1 3 5952 4876 424 
1 10 11728 9637 3182 9747 14694 14693 8419 14692 5174 14751 
1 8 11728 3599 14305 6341 12593 8121 1496 7492 
1 2 9834 3300 
1 3 3300 12214 14989 
1 3 14989 10247 9490 
1 2 9490 14879 
1 8 9834 9620 128 5161 9356 9174 8985 15031 
1 9 5161 7440 15089 5759 13509 15193 4019 1857 1546 
1 3 15193 9593 6235 
1 3 14907 9935 14572 
1 4 14907 14891 11042 4373 
1 3 14572 13728 4373 
1 5 14907 14891 7985 14878 14841 
1 5 14907 4542 14963 3524 15026 
2 2 14907 3305 
1 9 3305 14894 8931 3542 2397 11065 3881 7417 14819 
1 2 14819 3246 
1 15 15031 10641 6537 11818 9508 15019 8866 14988 12661 10294 269 8602 4907 14932 3305 
1 4 3305 14964 1694 15048 
1 4 15019 10487 13435 7023 
3 16 9218 5957 15885 15913 9843 13756 1046 2519 15970 1757 13983 703 4371 16095 3636 16120 
2 8 9218 8222 15738 7532 10206 13832 15562 5989 
2 10 7532 15639 15594 10914 13773 6835 15432 12732 14562 6235 
3 22 9218 11118 11713 15685 15643 6020 3810 46 682 15423 2309 15401 3079 2259 15330 9878 15353 12450 7223 15386 467 13806 
3 14 13806 15365 4501 2268 4863 13950 4355 10005 7474 15141 2534 6163 15057 2235 
2 7 15141 9801 325 15110 2432 15072 15026 
4 12 16067 1376 12449 16108 9453 16209 6132 4378 2690 16217 6723 3636 
1 2 16067 3636 
3 17 16217 14383 16213 10478 16264 13526 9689 16280 11087 16287 179 4387 16302 138 12151 3201 12631 
3 12 16217 1362 2110 16347 209 16416 16474 3000 9744 3914 14600 13874 
2 16 13874 8006 10810 8265 10098 6587 14296 12482 16764 14311 6310 3665 764 9677 13726 9390 
1 6 13806 966 11286 4931 12367 7810 
3 13 16120 1376 10258 15984 5608 5277 15882 15838 988 15726 989 13262 7810 
2 6 7810 9736 10767 4920 7051 4355 
1 7 10767 10662 15468 15441 15407 15365 13806 
1 17 2235 631 8017 8403 14877 14847 14839 14823 6774 5825 14828 4406 12046 2044 14854 6571 1718 
3 20 1718 1508 2224 15051 15097 2524 14183 2789 3955 9387 10067 15516 9463 11120 3713 4719 1067 15826 3950 15893 
3 5 3950 3193 11525 8953 5194 
2 2 3950 5194 
3 27 15893 3193 9166 15888 4811 3075 15903 5295 12495 599 13507 3111 4315 11430 7236 10336 6698 9795 4306 1175 11070 2488 1783 16080 16108 16096 16120 
3 6 1567 16242 11485 6533 16084 10336 
1 18 10336 4131 1828 3387 15860 15812 498 7386 190 3019 13700 1229 14271 15698 11806 1914 13387 3713 
3 13 3193 9166 15888 10084 15859 810 2996 830 15790 6213 15771 10913 3019 
1 3 14271 14478 15771 
4 16 14271 15630 10094 15526 894 2242 6445 4104 15305 3774 7221 14528 781 1929 6357 2235 
3 13 190 3138 1653 15546 3964 4548 13602 7084 2023 9397 15159 1470 6163 
4 23 1718 13363 1439 11582 4102 2447 9946 11024 15207 2270 14683 15317 15356 11782 7074 2149 15417 5969 893 3214 11917 4949 9463 
1 4 3977 15208 6184 2524 
1 11 11525 2720 14061 851 3261 4743 1525 10939 53 2650 13200 
5 16 13200 16513 4213 4150 16627 16663 3861 2210 12231 14209 2760 16885 3621 17004 2704 12067 
5 15 12067 8055 14228 7655 16830 1977 6205 1985 2540 2525 12363 16415 16381 8338 1567 
5 17 6205 1745 561 5612 5818 4108 14324 16396 638 5254 11961 11234 2933 16209 6132 1427 16120 
5 6 12067 912 12900 6155 17114 6427 
5 14 6427 7570 17063 6406 16968 14570 5949 11330 10967 11619 937 13290 4875 16396 
3 10 6427 6075 17156 5913 12595 17186 11574 3066 2206 338 
3 13 338 5922 13204 17018 6876 4482 11352 8122 16859 16792 6999 9155 13874 
3 14 11700 2712 17225 13147 17136 17101 17051 950 5628 10516 16793 1806 9155 13874 
5 10 338 9657 2746 10096 12680 2974 886 14288 12824 11700 
3 7 11700 3610 5823 2461 17423 7086 6922 
3 27 19794 19765 1695 19713 11461 11953 6576 19533 5716 19433 3777 2266 11848 5521 12485 10729 789 7683 18984 9056 18889 11868 18759 14036 7314 18632 155 
2 30 6791 5662 14656 4789 3904 14263 9709 12955 14237 3642 20207 3474 7802 4969 5971 4198 1928 11076 14022 20100 10951 14159 5089 14401 19996 13608 19979 11567 371 6270 
2 2 14159 11466 
2 10 371 14082 19889 19856 11662 2761 10923 13116 19740 19768 
2 27 155 18632 11615 160 11015 181 18874 18912 11371 18978 8980 19086 12706 12841 6212 14563 7489 1357 19437 3119 12536 9670 1299 5959 14071 19740 19768 
2 36 19768 6653 6338 10562 4156 1986 19785 75 13882 5506 13125 1303 13683 4765 13082 5747 9850 6354 19991 13333 1897 362 3528 10735 13902 5895 7260 3090 8927 4546 6261 20196 8614 20264 20269 13221 
2 2 13221 8422 
4 13 155 12038 10873 1078 14210 808 2729 4603 18580 11990 6967 8389 2503 
5 11 155 2548 7279 9180 13497 8661 4059 8368 2478 11277 9298 
2 44 155 6569 13561 4390 4575 8957 18342 12019 4367 8577 18234 4285 18206 5149 7262 13202 8506 6165 12324 13097 14160 17940 7229 1708 14006 3803 6061 10047 9373 7028 1678 1637 9785 2614 17286 10315 12475 4547 14214 7616 1249 8825 17571 4322 
2 14 19533 9409 7112 6093 19571 19538 43 19604 3878 7932 19617 8207 21874 4758 
2 27 6977 15485 356 9144 13297 15411 6217 4070 14289 12580 1176 8563 15297 3350 15309 7341 14 689 15285 1116 4800 6976 9554 15156 10361 15107 13334 
3 22 7828 17312 953 8990 6696 17184 8951 1638 12890 4670 6823 16960 13373 4158 14422 16734 10022 2051 13587 12152 862 16457 
3 57 16457 862 7126 16453 20 8176 16439 5724 9317 7892 2209 3168 12983 11249 9107 250 7680 14143 11805 8086 8246 8788 8376 5599 799 7967 6423 6393 16263 1983 10460 1521 10642 9543 9071 16265 6280 2582 16254 11526 10381 6371 6872 3578 16492 11993 3755 10268 11009 10995 14640 6413 5543 5260 1831 3105 17163 
1 10 8472 8759 6558 5133 12898 14175 12695 13841 8179 1521 
2 4 7680 13959 4050 9107 
2 10 8472 7961 15817 12852 4292 15815 15839 6384 8071 10770 
3 25 10770 9710 15794 4072 14466 1458 7943 2842 15469 6773 832 15302 15262 307 1218 4146 15029 1140 14966 9650 14861 1004 3753 14748 14714 
3 27 8472 11454 6466 11536 7756 8606 8201 15464 3209 11902 3118 3662 12636 7700 7569 10515 8527 4957 8962 2627 528 14869 14861 1004 3753 14748 14714 
3 4 14861 8275 4266 14732 
3 6 14861 4514 13914 8930 14753 3876 
2 3 4514 14902 14938 
3 31 13334 1569 15095 584 15099 9401 829 15064 648 15027 2685 15012 3211 14951 2003 475 14923 5173 2255 13546 14830 14832 14791 11335 8948 14392 2652 14732 10308 13692 14714 
2 51 3876 1549 13237 11674 8598 5983 3780 483 15073 10490 11737 15149 15179 15236 6706 5171 15388 3986 3679 12733 11709 11032 3202 15668 15697 1779 13301 1997 523 11392 776 15991 9436 5214 16118 16151 4522 16220 16256 4539 11873 16311 16301 16310 16365 4715 16411 16458 9910 5271 16457 
3 5 16457 4039 8291 9000 16411 
2 56 16458 4715 11471 5301 3975 4284 4533 13338 8801 11764 9882 4272 421 8968 218 16324 9516 16322 12056 16384 9247 14438 13192 477 3916 16585 16647 9678 4230 5351 4313 4258 521 14020 3384 16889 5908 11245 10326 14329 2968 1329 17137 3697 1190 11599 5697 10115 8335 11978 11795 17463 17496 1118 17544 4322 
3 6 1118 17545 5426 12317 1848 4322 
3 5 4322 17646 11264 17725 9526 
2 12 155 8061 18443 2155 7820 5017 5451 11699 3786 14425 2692 1289 
1 6 1289 7541 5991 17858 8567 2514 
1 7 357 17552 13500 17644 17677 13028 2514 
2 13 13058 4502 8690 8059 8578 8135 9083 17278 6619 17343 17366 8417 14027 
1 8 17343 10439 17348 10071 6223 17368 6861 357 
1 7 4624 9131 5244 9865 16931 8297 16960 
1 7 4624 1306 5222 5929 17199 5037 8578 
1 4 13058 17145 17098 4670 
1 4 999 17200 3711 6619 
1 8 963 664 1619 13238 7939 17038 6660 999 
1 7 963 9222 16632 10784 836 9910 5271 
1 2 5599 7612 
1 6 7612 221 16670 12920 10806 14645 
1 10 14645 806 802 6734 6139 8313 38 5769 9007 14194 
3 18 14194 12941 9707 16888 4295 16846 5285 16827 7116 2960 13298 14414 6140 12961 8792 16478 7126 862 
1 4 14194 7884 6926 4779 
2 4 683 11381 8636 11225 
1 10 15029 1316 9418 9701 15176 6281 15238 7082 13822 683 
1 6 10490 15148 13341 9648 15269 11225 
1 24 8636 5044 4942 15483 1328 15581 2332 15674 9066 2137 15836 15906 943 6382 13171 10591 16136 5632 10245 14254 2244 5436 13124 8291 
2 5 15871 15902 15952 4400 427 
1 5 427 7562 13956 8101 16178 
1 8 427 2346 7958 5629 16030 16044 15998 14361 
1 5 4996 16390 13315 5817 1521 
1 2 18843 6433 
1 4 6433 12220 8601 2663 
1 4 2663 19030 2889 10802 
1 5 6433 12220 18971 3352 13186 
1 4 13186 10153 19151 19196 
1 9 18843 18766 2890 11209 18731 1169 8120 11719 3812 
5 2 3812 18738 
1 5 3812 8129 13130 8943 7688 
1 4 7688 10124 2900 7151 
1 9 7688 7354 8870 7469 18310 10708 13463 5755 5250 
1 3 8601 8737 2663 
3 4 13994 12314 18834 8026 
1 5 17683 11045 17760 17808 17841 
1 7 77 3267 450 7181 14557 5407 2514 
1 2 5518 7908 
1 12 7883 750 13557 18094 18088 18066 7127 4354 2810 10463 8587 4866 
1 6 12761 4333 17623 5237 17538 8773 
3 6 8623 8041 11110 13680 8420 13034 
1 2 2351 1668 
1 3 7883 10227 10783 
1 6 10783 18158 10190 11411 18232 860 
1 11 12740 19100 7294 2707 19040 2530 21919 21916 21921 21922 18965 
1 14 36 12425 5736 5224 1987 12650 21936 18883 10800 21933 21932 21931 21922 18965 
1 7 19303 19271 19292 2739 12 19229 19196 
1 11 7151 14465 4216 18427 13258 1669 12805 18495 581 13091 18468 
4 2 8438 18674 
1 3 6267 4038 6204 
1 2 6204 2719 
1 3 5776 10395 16575 
1 5 16797 16692 16661 12973 16575 
1 5 2301 2609 10354 4956 16178 
1 2 8091 6371 
1 3 16446 4444 7282 
1 4 7282 3778 9385 10268 
1 4 341 14619 9296 16917 
1 3 16917 2093 16814 
1 2 16814 3098 
1 2 3098 14645 
1 5 2093 5834 10359 16804 12514 
1 2 12514 16832 
1 5 16832 12780 7456 4382 1801 
1 3 16804 12442 8329 
1 3 8329 16662 7612 
1 4 5451 18250 5504 18192 
2 2 5013 9393 
2 2 9393 1764 
2 7 1764 12996 2019 10394 17301 17313 4233 
1 5 4233 183 3757 9793 2570 
1 6 2570 1563 1697 14208 120 17004 
3 5 1697 11581 8287 514 2760 
3 8 16396 16472 2388 13106 3827 6097 9642 11028 
3 7 11028 6113 8699 13441 16550 16494 16474 
3 5 16217 16267 4647 16318 2066 
1 3 6723 7559 4378 
1 4 16067 16120 16139 6132 
3 6 7532 15738 8222 10695 13027 15960 
4 3 15960 6764 11373 
2 9 12151 16252 13894 7537 7429 542 9978 2298 11373 
2 3 9793 17223 2570 
1 2 17223 12925 
3 5 17223 3757 183 13492 17386 
3 3 17249 11565 5013 
3 5 11565 6353 8188 7104 1254 
3 3 11565 7631 12359 
3 2 12359 1856 
3 3 1856 8136 7631 
2 2 1856 12338 
3 7 183 2483 11541 7052 17135 1704 12338 
2 2 7052 11915 
2 7 1368 1571 12299 8294 5934 13676 11915 
3 4 11933 16883 16911 1571 
3 4 1254 16980 1863 11933 
2 5 12338 4155 17034 12499 1863 
3 4 5013 1685 724 17345 
3 10 17345 288 17427 154 13362 17479 6601 17519 4179 12177 
2 2 17479 306 
3 3 306 13010 496 
3 5 12177 8452 12101 8085 13492 
3 13 3989 17984 6607 7061 8575 5809 1501 856 3462 17875 17 17844 6832 
3 18 161 13135 3789 3748 17917 10839 2626 8729 6713 14680 5012 12182 17798 17790 8714 7263 1731 6832 
3 6 161 9308 17912 1365 17793 12055 
3 8 14621 17527 425 5418 1815 1475 17826 6832 
4 5 7600 17984 14372 6989 3989 
4 3 7600 3989 18025 
2 10 14372 1350 13057 4832 8044 13227 9992 12777 3041 1527 
3 7 1527 13981 52 5220 17972 4928 3114 
1 2 3114 5199 
3 14 14621 7064 6543 17550 10675 3547 10743 2179 3204 17762 2885 6879 1867 7600 
1 3 856 2060 2914 
3 22 14621 17527 5754 2834 578 11290 3393 9265 3510 13118 12182 6443 2509 10018 9134 2626 14021 10112 3748 3789 10524 161 
3 26 14621 13514 5754 17546 5780 6992 8820 17593 12288 9231 5493 17617 14378 78 17636 5342 4183 8327 17706 976 5026 12978 10819 10214 6662 12055 
3 3 4183 7303 143 
2 4 143 17852 1724 17883 
3 3 17386 9704 14621 
3 3 17386 969 7984 
3 13 7984 13207 13997 413 7755 17267 17258 9029 1454 17141 10588 5670 12900 
3 16 17636 503 14442 10302 6833 10364 14591 571 2687 1823 17485 592 9937 10205 17310 886 
4 18 12288 9231 5061 2620 10404 17554 17564 8549 17520 10375 13145 7345 12409 13777 7436 11890 1789 2206 
4 9 5322 10892 12162 18202 8889 10287 2872 18293 4797 
4 6 5322 12059 4541 67 13892 4866 
1 11 5770 17729 11320 3978 13025 17830 17796 14242 13904 8806 4864 
1 2 10328 14564 
1 5 14564 13105 2393 17438 10883 
1 8 10883 10251 17504 17562 17588 14571 17596 17676 
1 5 17388 17416 17395 10358 17396 
1 6 7198 9103 17990 17995 18027 161 
1 6 614 17654 1945 17819 6349 9191 
1 9 9191 5995 11603 12723 10706 6024 2142 1907 18227 
1 5 10043 18258 11200 10099 1803 
1 4 7290 6386 372 7934 
1 6 7934 12818 10152 18091 2656 18007 
1 8 18674 5606 12758 10652 12291 7615 18818 4353 
1 2 36 11480 
1 3 11480 18563 5767 
1 7 5767 18509 18499 1988 4992 18430 6995 
1 5 7353 8852 5515 12029 17856 
3 7 17856 11954 7220 3813 18003 10610 8892 
1 6 12455 3987 18201 11267 6613 13816 
1 5 12455 9472 6821 17956 3813 
1 6 18564 1150 8663 3601 18381 18355 
1 3 18355 142 8983 
1 7 11305 9282 10772 5879 18825 18788 13753 
1 11 13753 8021 18806 7511 10299 6411 834 21919 21925 21924 21916 
1 3 6689 17643 1874 
1 6 2716 17767 6750 747 562 2846 
1 5 1874 17689 1754 17770 7353 
1 3 11607 4663 17855 
1 3 17855 9268 17777 
1 5 13196 7276 3896 3933 8392 
1 3 8392 18364 5516 
1 5 6530 7178 5165 11223 5781 
1 5 5781 12171 72 17100 12228 
1 3 12228 12622 3110 
1 7 13034 17391 2232 17330 9202 14376 13058 
1 3 1668 10959 17537 
1 4 17537 7142 1698 17398 
1 3 104 4840 12390 
1 8 12390 5981 9796 12778 4640 14119 10720 19093 
1 4 4123 19239 19258 11495 
1 2 19093 2201 
1 4 2201 19202 5097 11495 
1 7 19559 11602 12238 13535 8670 10865 12227 
1 2 12227 19547 
1 4 19476 8736 12309 19397 
1 11 18468 6624 13256 13217 284 8848 5275 12834 12928 3565 18091 
1 7 14465 18332 7311 2695 18213 4857 12928 
1 7 17396 8688 17408 674 17426 11799 1387 
1 3 1387 10465 14571 
1 3 10883 6988 2849 
1 2 2849 9304 
1 4 4469 11401 4566 7772 
1 4 7772 9233 741 11717 
1 3 4882 10355 7373 
1 2 16975 8522 
1 7 3853 17393 17356 17326 5698 17290 6220 
1 2 8800 8013 
1 6 12985 18283 12842 10059 11310 8889 
1 7 17824 5511 12772 1594 8383 17891 4742 
1 7 4742 17845 17803 9297 670 10888 647 
1 9 1599 4952 18147 18087 9457 2251 12605 17902 9297 
1 3 12801 13368 17191 
1 4 17191 17150 14532 10072 
1 6 12693 8727 3903 10074 14128 2546 
1 4 2546 16435 12422 16338 
1 5 4895 9626 880 12571 18564 
1 11 18564 1409 18515 934 18393 6987 3657 18296 18230 18200 13320 
1 4 17391 2839 1120 17398 
1 7 17398 794 17420 379 3257 993 17439 
1 2 17439 14027 
1 6 104 2655 13040 14005 3645 3311 
1 4 3311 18469 13233 1061 
1 3 6624 3772 1061 
1 6 17991 17928 11503 2938 10768 12055 
1 6 614 17641 3349 17753 9157 2938 
1 3 11556 17730 17669 
1 6 3641 12304 13919 2363 17469 12739 
1 3 8314 3897 11202 
1 7 10652 10581 18607 1020 12542 18482 1988 
1 6 19053 139 9636 19192 5269 11831 
1 3 11831 6855 14649 
1 6 14649 13093 2344 19136 19106 6327 
1 4 6948 11016 1946 5224 
1 3 18788 6874 13229 
1 3 13229 18656 7702 
1 9 7702 10854 5571 13942 4679 18650 1239 18612 9261 
1 5 19117 2376 19038 5182 18927 
1 2 13577 3707 
1 4 3707 19161 2269 13979 
1 2 8149 204 
1 5 19885 19939 8510 19900 19903 
4 2 5989 15019 
4 2 14907 5986 
4 8 8093 17847 8691 3852 4310 17678 13565 8623 
3 8 17391 831 4556 136 17252 3951 17184 4779 
3 5 9293 9259 403 2439 3744 
3 6 3316 17000 14308 392 11878 403 
1 8 17089 5892 10026 5921 12743 13244 1940 16831 
2 3 5169 17071 13225 
1 4 13943 442 16666 8638 
1 8 8638 9168 16563 3791 4409 10595 699 975 
2 9 8638 9168 7601 16488 1825 16388 1702 16277 2556 
1 4 10995 7133 9578 442 
2 7 8522 2624 14623 1888 16812 8689 10268 
1 3 2222 14008 10990 
3 9 17689 5409 17549 3830 17494 11987 7575 12106 11498 
1 10 5322 18065 6227 2484 12666 17957 17929 17944 913 11507 
1 3 18293 11311 18184 
1 9 18184 18205 6914 5069 7706 12967 5103 18101 5322 
1 14 5193 18521 9665 13321 7723 5213 5976 11405 100 18425 9867 2070 1464 14827 
1 4 2503 18604 9489 8780 
1 10 8780 2316 11043 11188 13007 7395 7096 2478 6506 4022 
1 2 11277 7096 
1 2 18180 4022 
1 6 18180 18123 4359 18051 4116 17963 
1 3 18180 8796 9298 
4 8 2119 18233 4352 4771 6230 8128 11277 9298 
3 5 8773 2225 17456 17405 7828 
1 3 12761 7337 14507 
1 3 4864 7613 14507 
1 2 11717 7613 
3 11 14507 736 5804 1512 2871 17994 5998 18032 5525 18017 5518 
1 5 10783 3133 8778 18100 6556 
1 2 6556 9139 
1 5 18473 13329 11081 18500 8780 
1 7 4352 5008 2006 18095 9691 11021 543 
1 6 11188 5030 6051 18291 10500 18233 
1 8 17005 17036 5219 17070 13270 17085 11408 10072 
1 8 10072 14100 16943 16902 11343 7493 4843 10717 
1 6 11507 7775 9862 1174 12538 4754 
1 6 4754 17671 2935 814 873 17581 
1 4 17581 10056 5189 107 
1 4 17549 13356 6541 11340 
2 2 17689 4845 
2 8 4845 10599 5334 107 2401 17483 12971 17404 
2 3 2055 8289 11211 
1 11 2055 7355 6684 8610 2753 4182 1011 10567 17493 8060 11340 
1 5 6689 17587 3963 1749 577 
1 2 577 2753 
2 6 2753 8470 17407 17361 3943 17290 
1 6 17777 3612 9632 6292 17728 2716 
1 7 18364 18321 11534 18204 18120 18076 1620 
1 13 13196 13039 13423 5741 18204 4357 2491 5994 13347 11424 3445 18079 8918 
1 7 8918 10999 7826 5691 2240 17976 18007 
1 5 8018 7709 14068 1113 524 
3 5 17976 6518 17916 10127 8954 
1 7 8954 17731 524 3029 822 591 12247 
1 11 12123 2965 4874 2939 17656 4429 9288 7259 7582 10552 524 
2 4 12123 17514 3782 17502 
1 7 6912 858 6081 5899 17340 14274 10782 
3 11 11202 5827 13518 5914 8856 17205 2107 17154 12969 9293 10117 
2 12 13874 8006 10810 3123 16807 16850 5024 9499 12798 156 10372 3744 
3 2 5263 17153 
1 11 17153 11432 9419 7606 17113 3089 4696 3496 11786 16949 5628 
1 4 17513 3908 6824 14501 
1 2 14501 5823 
1 6 18042 13652 14483 7059 17763 17784 
1 3 5964 13652 8267 
1 2 18951 5205 
1 6 5205 13450 18847 10894 8557 7388 
1 3 18779 18876 8737 
2 3 11069 19000 11947 
1 3 14231 7362 13577 
2 7 8757 5207 4554 4574 18741 11183 590 
1 3 9261 18612 8965 
1 6 10299 14575 18734 12417 3800 14665 
1 3 3800 6399 7702 
1 4 7340 18357 3717 6995 
1 5 12455 9440 6308 6505 18044 
1 2 13460 18044 
1 4 4310 1957 9715 4215 
2 4 9715 17634 2573 17623 
1 5 10510 7873 11212 10671 2351 
1 2 17683 2351 
3 7 10203 17606 17601 3879 7878 9579 17537 
3 13 17601 3879 14488 2904 17420 7246 6004 8690 8853 10901 17083 1306 4624 
2 9 18192 8131 9065 9597 12187 4116 11609 6231 77 
1 6 9099 6488 511 17478 5993 10071 
1 4 5993 14439 982 8417 
1 2 18638 10734 
1 6 10734 18593 11378 6248 18559 18564 
2 6 5302 12329 3509 6460 14096 12455 
3 5 19820 1309 4048 21879 19900 
1 7 17961 17943 10392 4654 4609 1144 17833 
1 9 4609 7320 669 9507 7360 11897 10290 14345 10782 
1 8 17660 2637 5406 7360 7557 7924 2908 14313 
1 4 4022 2971 1024 18192 
1 6 9099 17640 9931 12965 12574 17644 
1 5 450 17771 5010 5077 9099 
1 6 17683 10119 5372 9980 3860 14397 
1 5 1668 1223 17620 8718 17589 
1 5 17678 1958 11256 1696 8718 
1 4 13034 12760 12569 17589 
1 3 8773 17451 17409 
1 6 17634 4215 2348 11964 4312 17409 
1 5 136 5019 12166 17369 4312 
1 8 674 8996 4668 17235 8343 17139 12072 341 
1 2 13859 17139 
1 13 14564 17303 17276 3686 10846 3687 2039 4668 5888 4351 9846 13558 17222 
1 11 17388 3970 8049 12745 3990 9800 345 13673 17160 12066 5654 
1 4 345 17277 14550 11746 
1 4 231 8127 17170 10626 
1 10 3791 16544 4865 4613 4362 2787 8513 4503 7977 609 
1 2 2787 8639 
1 4 8639 1080 4596 16844 
2 2 19900 4048 
1 6 2269 12112 21876 21875 19371 204 
1 10 14194 3953 17047 5388 13292 7209 11638 17172 5558 7043 
1 6 953 11156 17241 617 13624 11748 
1 3 11748 10613 13292 
1 3 12396 7727 14376 
1 3 12396 11390 1638 
1 4 6488 7268 17630 6095 
1 4 357 4115 17495 380 
1 19 380 9945 17428 5025 17380 17359 13029 9044 7799 13761 4076 8797 8249 3368 10861 2854 8411 3959 2614 
1 7 17963 14617 6759 17989 12203 18031 1289 
1 6 5518 18095 18131 3999 8128 9298 
1 5 17808 6265 6525 8767 10671 
1 5 736 2429 2463 12005 8691 
1 6 10734 3808 12529 18432 12810 18355 
1 7 2605 14582 495 13653 2473 19033 7294 
1 5 2605 6711 9823 10895 9282 
1 10 3555 19048 11972 6730 5287 2473 3229 575 18872 10299 
1 2 18852 10299 
1 9 6612 16409 16475 3276 608 16608 7658 16738 16797 
1 9 11544 10890 10286 3276 16482 5127 9974 1416 5776 
1 3 1677 6720 14311 
1 4 1548 14281 6736 12631 
1 4 1677 4747 16445 1548 
1 2 1677 6682 
1 8 6682 7261 16565 11066 10239 16521 8253 9744 
1 7 764 3448 2439 11181 7299 17115 17153 
1 7 764 9677 4176 16644 2507 16555 11433 
1 7 16644 16594 14553 13194 8373 5143 1548 
1 3 11433 16548 10074 
1 3 3470 7879 3514 
1 5 72 8926 3936 4589 8177 
1 4 7373 1746 17054 8177 
1 2 10846 7043 
1 8 13001 16622 14026 7822 7510 16534 7758 16522 
1 4 16522 16516 11686 799 
1 3 2773 13490 7967 
1 4 2773 11593 12786 4996 
1 9 4996 16438 13836 8010 16452 3887 16403 401 10381 
1 5 16744 16698 8617 2000 8915 
1 5 8484 16851 2140 17019 13270 
1 2 10879 6413 
1 3 8013 11608 17326 
1 3 17356 17341 10990 
1 8 4866 11186 17946 9161 17938 17898 4981 13904 
1 8 10551 11891 18126 18066 13176 6148 11144 14507 
1 6 999 4728 13603 3249 11261 6223 
1 2 2118 18340 
1 9 12059 6 5748 3054 13173 17900 12908 10719 10629 
1 3 3013 11895 11547 
1 7 674 17408 11452 8580 5813 12205 8278 
1 4 11452 17467 827 9009 
1 3 14488 14090 993 
1 5 9132 13958 17925 8439 13750 
1 2 9132 17808 
1 5 12330 13958 17842 12773 7873 
1 4 17678 1826 17752 7873 
1 7 16984 10981 13742 11366 16869 13259 13943 
1 3 5169 7804 11366 
1 10 19885 9825 19831 12752 7455 9549 19764 13503 550 14220 
1 2 14220 6973 
1 7 8149 13247 4162 19481 6487 7646 2050 
1 4 19344 12687 11941 4162 
1 8 8149 8946 6719 19498 19563 7467 9388 3363 
1 2 3363 12851 
1 5 19900 21884 21883 21878 21885 
2 6 14018 2729 12443 18433 7812 8368 
1 3 7820 2081 18250 
1 2 7541 17926 
1 2 3194 17145 
2 5 3194 9617 17023 10704 16931 
1 6 6823 14157 12192 5774 4295 16888 
1 8 4779 6926 13596 9719 8952 12701 9622 13292 
1 2 9719 8990 
1 9 13292 4075 17039 7130 16965 14495 11376 14224 14645 
1 4 6734 16845 3088 11376 
1 5 11376 5760 1281 16904 16917 
1 4 16670 7635 16711 8329 
1 4 7612 928 2980 796 
1 7 796 7333 3034 10425 166 6368 13959 
1 6 6734 10418 14498 16672 4573 10425 
1 8 14498 16648 16660 11299 13224 2096 6878 1734 
1 5 1734 12878 2209 8881 12343 
1 11 10770 1205 12688 8118 12932 7057 4922 5216 3086 6845 7680 
1 2 7057 6552 
1 3 6552 13136 16072 
1 7 16072 6668 12932 6564 3405 8536 9379 
1 8 9379 12342 4091 9403 2892 7650 9899 7967 
1 4 8376 14060 5248 9899 
2 2 16534 16570 
1 4 16570 11875 12437 16633 
1 4 16633 5096 8613 7612 
1 9 3086 9427 8645 7291 9354 4365 16332 16320 7650 
1 3 9354 16335 16332 
1 2 4365 8788 
1 2 4365 16335 
1 8 9379 12068 3499 16069 6738 1912 7729 12898 
1 5 12898 2977 12272 9634 14361 
1 4 5629 8970 4366 9543 
2 6 16666 11308 3833 7823 9799 16446 
1 4 10774 1650 9891 16353 
1 2 5776 16465 
1 6 16342 3231 16373 13169 6241 16465 
1 2 10705 2322 
1 6 2322 2245 10045 7405 16741 9390 
1 2 10045 13517 
1 5 14176 1531 3320 17084 6575 
1 6 13919 6250 17560 13757 5773 7094 
1 2 13757 40 
1 3 40 6350 17669 
1 7 17998 6142 7945 4735 8226 17968 18004 
1 13 5250 11651 3259 14450 6173 13582 18155 18141 12880 10043 11240 8834 7385 
1 7 5755 18169 18181 6559 8665 5122 13372 
1 2 13372 18155 
1 6 7385 9274 10905 10987 2616 11033 
1 4 5178 6127 12052 11033 
1 3 13346 2061 4431 
1 4 2061 18178 6438 7138 
1 5 7138 6070 6579 845 17995 
1 3 7198 18102 6070 
1 7 18724 265 13473 18615 18578 8794 12805 
1 4 18724 8932 3324 8737 
1 3 2889 19078 4958 
1 2 4958 13288 
1 7 4123 12601 19182 3826 1796 12165 12 
1 4 11495 6152 13734 7186 
1 3 19513 3152 19556 
1 4 7186 6037 19389 2845 
1 4 2739 6717 10187 19397 
1 13 19547 6806 12794 19496 8352 8258 19416 19388 11827 19347 4776 5094 19229 
1 3 19397 1478 19416 
1 4 12165 13211 8425 815 
1 5 5205 14535 12624 5439 9796 
1 7 12390 18746 18801 18830 13563 4298 1622 
1 5 18691 9175 3455 13681 14535 
1 7 12390 2490 9666 18789 3455 3351 10894 
1 5 4917 19068 21938 21937 19099 
1 4 19099 74 8261 19106 
1 4 11831 5269 1487 19273 
1 5 12369 1910 4937 463 4021 
1 7 19563 2198 19548 3012 7869 4937 14681 
1 7 14681 10968 19575 19603 4896 13547 2537 
1 3 12369 19725 7455 
1 7 19820 21889 5298 1881 5104 2856 12369 
1 4 12752 5104 13143 10994 
1 9 3512 14285 19524 3342 10863 7166 6342 19381 5579 
1 3 4758 5611 14092 
1 5 14433 19747 4602 19765 19794 
1 8 19617 13340 11998 13857 11814 12122 1621 14433 
1 10 19794 1231 4989 3892 2833 9058 3001 12915 19918 6270 
2 3 10923 19736 19707 
1 9 9758 19532 19555 5945 11001 13285 2532 19810 5506 
1 2 8832 13285 
1 8 13285 12494 3807 6192 12186 1541 1692 19696 
1 6 5945 19536 2962 12807 10489 3046 
1 9 3046 5379 9496 2599 19502 13887 9454 11798 19437 
1 3 5544 1883 11798 
1 8 8680 290 19992 4456 3422 20101 5479 13933 
1 5 13933 20188 8078 5446 8614 
1 4 3422 6687 5112 2350 
1 6 2350 13961 10660 19998 2863 5537 
1 4 5537 6616 4080 7260 
1 6 362 2808 20034 8194 20033 5537 
1 5 8078 5739 2226 9228 2350 
1 25 8680 13823 19843 2404 12649 6299 1573 19647 4470 7097 11820 10182 666 5577 19287 2168 19167 11089 19119 1909 14610 5445 5065 3085 18854 
1 4 19505 8701 7324 10182 
1 16 19505 10592 2173 11429 14334 8525 19457 10379 482 12592 12949 4553 1031 13281 597 9758 
1 5 8832 5836 11826 11671 13611 
1 5 13611 6390 13915 2064 8336 
1 7 8336 19638 19697 7076 5607 4316 12875 
1 19 13082 94 2772 14301 7633 8929 9428 3467 19892 11296 10240 2800 11232 10475 12428 14406 12617 4749 19647 
1 7 12875 19892 7231 6196 13113 11412 5537 
1 8 8336 19613 14504 19666 9154 19698 19718 8765 
1 5 8765 19632 13802 7900 2027 
1 2 2027 19505 
1 14 11615 18671 18688 18709 13108 18710 11614 2148 779 5920 10718 6117 164 12883 
1 4 5017 18333 12354 8957 
1 14 17926 17949 423 13867 9089 12478 4134 9415 18052 438 18074 6165 4795 18142 
1 8 13028 12887 14470 17582 5630 9613 5025 17380 
3 9 14484 11431 17119 8987 17016 9631 8106 12539 16801 
1 11 16801 2877 10550 4060 6449 5885 1827 16442 3658 4533 4539 
1 7 14484 93 342 8867 17339 8094 5025 
1 12 5025 8098 17509 17531 6974 4440 12543 8857 958 3421 17915 4842 
1 4 4842 9638 18023 18052 
1 7 18052 8238 13625 728 14307 18234 8577 
1 2 11990 8947 
1 4 8947 18487 12958 10103 
1 3 10103 18371 8368 
1 5 13007 18370 10103 11527 18433 
1 9 5544 3004 19406 19312 8631 3616 2634 19189 19156 
1 13 19156 8854 8656 19140 10881 19043 133 1336 5860 7899 19020 10345 8980 
1 2 10881 691 
1 6 10881 19050 11601 9114 4242 12883 
1 11 19156 19158 13739 11832 19159 5872 8008 19125 14070 9690 8993 
1 5 482 19434 4555 19360 10686 
1 5 10686 5217 13180 8878 8993 
1 4 10686 14451 10975 19352 
1 5 19352 3845 11182 8307 9758 
1 3 19457 4209 10587 
1 2 8841 11089 
1 10 14610 3207 9603 7397 14150 19080 13901 504 11003 8993 
1 15 7397 13054 2167 13917 18953 2970 18934 1119 18890 10763 9889 18869 9755 2009 18838 
1 5 18838 18848 871 13323 12883 
1 7 11832 5514 19058 9888 18924 18888 871 
1 7 19058 7046 19026 1451 10097 5848 1119 
1 16 18142 6079 18217 18259 6044 1880 18418 4818 18524 6181 18598 5312 12252 18749 18798 18838 
1 7 18336 1880 5640 13821 18324 7470 14077 
1 5 14077 12368 4944 18243 3414 
1 9 3414 7418 8232 18212 203 3743 7891 9675 7761 
1 11 7761 2930 698 18172 9529 18245 970 18237 2564 18255 4318 
1 2 9529 18197 
1 15 18245 10643 2557 13351 11930 18451 1895 5365 18585 5838 18685 12279 13371 9942 9437 
1 2 9437 18854 
1 9 5365 18525 18512 629 2374 11428 3779 10312 5689 
1 9 5689 6291 7169 18558 5328 18594 12180 10001 5312 
1 5 5689 11481 1101 2911 18763 
1 7 10312 11555 18411 12389 9464 13542 8232 
1 3 17679 8276 10047 
1 4 9955 1708 14006 17756 
1 4 13867 14662 17906 6108 
1 8 8577 12829 18175 9443 6923 14292 1308 14425 
1 5 9443 2790 18077 18033 13867 
1 8 17858 687 17895 6424 17919 17918 12731 17963 
1 5 14470 17631 7845 7497 4440 
1 5 6108 17814 17739 13072 7845 
1 4 17016 208 5383 14098 
1 5 11952 8552 16907 12098 14098 
1 10 14098 1088 12344 12884 17038 244 9721 16983 8189 4624 
1 5 4624 10246 16876 639 12210 
1 7 12210 4559 9754 6867 2087 5271 16457 
1 7 10784 8479 6202 6867 16588 1403 2051 
1 2 13298 1465 
