1 4 
1 67 
1 72 
1 77 
1 107 
1 136 
1 155 
1 161 
1 190 
1 258 
1 306 
1 338 
1 357 
1 380 
1 413 
1 424 
1 427 
1 442 
1 524 
1 543 
1 614 
1 683 
1 691 
1 799 
1 815 
1 963 
1 975 
1 999 
1 1044 
1 1118 
1 1174 
1 1254 
1 1289 
1 1350 
1 1465 
1 1521 
1 1527 
1 1546 
1 1548 
1 1567 
1 1580 
1 1668 
1 1677 
1 1685 
1 1697 
1 1734 
1 1801 
1 1831 
1 1859 
1 2050 
1 2051 
1 2061 
1 2066 
1 2081 
1 2118 
1 2226 
1 2235 
1 2341 
1 2350 
1 2355 
1 2405 
1 2429 
1 2514 
1 2537 
1 2546 
1 2556 
1 2597 
1 2605 
1 2739 
1 2753 
1 2773 
1 2787 
1 2846 
1 2908 
1 2914 
1 3046 
1 3054 
1 3086 
1 3110 
1 3114 
1 3194 
1 3259 
1 3276 
1 3305 
1 3311 
1 3316 
1 3414 
1 3455 
1 3514 
1 3533 
1 3555 
1 3578 
1 3636 
1 3707 
1 3744 
1 3791 
1 3812 
1 3876 
1 3943 
1 3954 
1 3977 
1 3989 
1 3990 
1 4039 
1 4169 
1 4233 
1 4366 
1 4549 
1 4554 
1 4609 
1 4624 
1 4668 
1 4735 
1 4742 
1 4758 
1 4779 
1 4842 
1 4845 
1 4917 
1 4937 
1 4996 
1 5010 
1 5013 
1 5016 
1 5169 
1 5205 
1 5224 
1 5302 
1 5322 
1 5518 
1 5525 
1 5537 
1 5544 
1 5561 
1 5640 
1 5689 
1 5767 
1 5776 
1 5781 
1 5796 
1 5948 
1 5964 
1 5989 
1 5993 
1 6081 
1 6108 
1 6164 
1 6227 
1 6267 
1 6270 
1 6310 
1 6327 
1 6413 
1 6427 
1 6433 
1 6452 
1 6464 
1 6522 
1 6525 
1 6559 
1 6689 
1 6791 
1 6832 
1 6855 
1 6865 
1 6922 
1 6977 
1 6995 
1 7130 
1 7138 
1 7151 
1 7186 
1 7198 
1 7268 
1 7282 
1 7340 
1 7362 
1 7373 
1 7397 
1 7532 
1 7557 
1 7612 
1 7660 
1 7688 
1 7702 
1 7723 
1 7772 
1 7808 
1 7823 
1 7828 
1 7845 
1 7873 
1 7883 
1 7934 
1 8010 
1 8018 
1 8135 
1 8149 
1 8320 
1 8329 
1 8336 
1 8352 
1 8357 
1 8392 
1 8422 
1 8453 
1 8472 
1 8522 
1 8577 
1 8639 
1 8680 
1 8737 
1 8765 
1 8780 
1 8800 
1 8832 
1 8853 
1 8870 
1 8889 
1 8892 
1 8915 
1 8947 
1 8954 
1 8965 
1 8982 
1 8993 
1 9029 
1 9053 
1 9099 
1 9161 
1 9218 
1 9261 
1 9298 
1 9312 
1 9379 
1 9390 
1 9490 
1 9740 
1 9758 
1 9793 
1 9801 
1 9810 
1 9834 
1 9889 
1 9955 
1 10043 
1 10072 
1 10094 
1 10097 
1 10117 
1 10268 
1 10425 
1 10436 
1 10538 
1 10587 
1 10626 
1 10717 
1 10734 
1 10770 
1 10783 
1 10802 
1 10994 
1 11028 
1 11033 
1 11069 
1 11089 
1 11202 
1 11211 
1 11225 
1 11261 
1 11277 
1 11305 
1 11370 
1 11373 
1 11433 
1 11466 
1 11495 
1 11507 
1 11526 
1 11544 
1 11547 
1 11582 
1 11596 
1 11607 
1 11638 
1 11691 
1 11700 
1 11728 
1 11818 
1 11880 
1 11915 
1 11947 
1 11952 
1 11967 
1 12067 
1 12101 
1 12210 
1 12330 
1 12343 
1 12369 
1 12390 
1 12396 
1 12406 
1 12455 
1 12631 
1 12722 
1 12761 
1 12875 
1 12883 
1 12898 
1 13001 
1 13007 
1 13034 
1 13078 
1 13186 
1 13196 
1 13200 
1 13239 
1 13288 
1 13292 
1 13320 
1 13356 
1 13377 
1 13385 
1 13435 
1 13517 
1 13806 
1 13859 
1 13874 
1 13879 
1 13904 
1 13933 
1 13959 
1 14018 
1 14027 
1 14090 
1 14098 
1 14157 
1 14176 
1 14194 
1 14220 
1 14302 
1 14361 
1 14376 
1 14397 
1 14425 
1 14433 
1 14484 
1 14498 
1 14501 
1 14553 
1 14571 
1 14621 
1 14645 
1 14714 
1 14732 
1 14741 
1 14907 
1 14938 
1 15019 
1 15417 
1 15539 
1 15633 
1 15893 
1 15960 
1 16072 
1 16120 
1 16178 
1 16209 
1 16217 
1 16254 
1 16335 
1 16342 
1 16353 
1 16457 
1 16711 
1 16797 
1 16801 
1 16845 
1 16917 
1 17038 
1 17047 
1 17089 
1 17153 
1 17191 
1 17341 
1 17343 
1 17345 
1 17386 
1 17388 
1 17396 
1 17398 
1 17409 
1 17494 
1 17502 
1 17537 
1 17560 
1 17577 
1 17581 
1 17589 
1 17601 
1 17634 
1 17660 
1 17669 
1 17678 
1 17679 
1 17808 
1 17847 
1 17856 
1 17883 
1 17885 
1 17926 
1 17963 
1 17972 
1 17988 
1 17998 
1 18004 
1 18007 
1 18025 
1 18077 
1 18142 
1 18184 
1 18192 
1 18197 
1 18204 
1 18228 
1 18233 
1 18246 
1 18271 
1 18398 
1 18432 
1 18433 
1 18468 
1 18564 
1 18674 
1 18724 
1 18738 
1 18763 
1 18830 
1 18843 
1 18852 
1 18854 
1 18965 
1 19058 
1 19093 
1 19099 
1 19117 
1 19156 
1 19196 
1 19273 
1 19344 
1 19352 
1 19397 
1 19505 
1 19547 
1 19556 
1 19559 
1 19591 
1 19696 
1 19707 
1 19768 
1 19820 
1 19885 
1 19903 
